0 0.11857142857142858 0.178 0.09428571428571429 0.2
0 0.9378571428571428 0.137 0.08428571428571428 0.194
0 0.8442857142857143 0.134 0.08285714285714285 0.208
0 0.7364285714285714 0.145 0.09 0.194
0 0.47214285714285714 0.17 0.07285714285714286 0.204
0 0.2392857142857143 0.181 0.09 0.21
0 0.2814285714285714 0.411 0.1657142857142857 0.094
0 0.4585714285714286 0.681 0.1657142857142857 0.094
0 0.4714285714285714 0.551 0.1657142857142857 0.094
0 0.4642857142857143 0.413 0.1657142857142857 0.094
0 0.2714285714285714 0.695 0.1657142857142857 0.094
0 0.2714285714285714 0.557 0.1657142857142857 0.094
0 0.6528571428571428 0.549 0.1657142857142857 0.094
0 0.6514285714285715 0.409 0.1657142857142857 0.094
0 0.6457142857142857 0.309 0.1657142857142857 0.094
0 0.8657142857142858 0.537 0.1657142857142857 0.094
0 0.22285714285714286 0.871 0.1657142857142857 0.094
0 0.6657142857142857 0.681 0.1657142857142857 0.094