0 0.12408571428571429 0.2667 0.05852857142857143 0.2129
0 0.1865857142857143 0.2692 0.062085714285714286 0.1979
0 0.2471142857142857 0.25596 0.043871428571428575 0.1764
0 0.308 0.26782 0.062071428571428576 0.19266
0 0.45210000000000006 0.25346 0.06098571428571428 0.2014
0 0.4524571428571429 0.25958 0.05455714285714285 0.19116
0 0.3925428571428571 0.43818 0.11152857142857142 0.16588
0 0.5225428571428571 0.2637 0.042942857142857144 0.2069
0 0.5949428571428571 0.27558 0.06811428571428571 0.22113999999999998
0 0.6637 0.27444 0.05202857142857143 0.2034
0 0.7273571428571428 0.2572 0.06327142857142858 0.16390000000000002
0 0.7954714285714286 0.2442 0.04415714285714286 0.1679
0 0.8606428571428572 0.2357 0.07094285714285714 0.17092
0 0.9336857142857143 0.24581999999999998 0.041999999999999996 0.18866
0 0.12837142857142858 0.80864 0.059957142857142855 0.2268
0 0.19764285714285715 0.8034 0.0628 0.21130000000000002
0 0.2553285714285714 0.81352 0.046014285714285716 0.15904
0 0.31684285714285715 0.81714 0.04582857142857143 0.1738
0 0.3991571428571429 0.7944 0.05688571428571429 0.18330000000000002
0 0.46594285714285716 0.8134 0.04758571428571429 0.2013
0 0.5293285714285714 0.8037799999999999 0.04222857142857143 0.20454
0 0.5936142857142856 0.79502 0.056499999999999995 0.18203999999999998
0 0.6622714285714285 0.7978999999999999 0.049171428571428574 0.2003
0 0.733157142857143 0.78914 0.06595714285714285 0.1978
0 0.7976142857142857 0.7854 0.0413 0.18530000000000002
0 0.8647571428571429 0.7804 0.06842857142857142 0.18530000000000002
0 0.9449285714285715 0.7924 0.06092857142857143 0.1993
0 0.12158571428571428 0.06872 0.06067142857142857 0.13694
0 0.18667142857142854 0.07084 0.05334285714285715 0.12869999999999998
0 0.3181857142857143 0.0696 0.05028571428571429 0.1392
0 0.3873714285714286 0.06709999999999999 0.05474285714285714 0.1262
0 0.44888571428571433 0.06186 0.05455714285714285 0.1107
0 0.5811999999999999 0.06698 0.051328571428571425 0.12844
0 0.6451285714285714 0.06934 0.057742857142857144 0.1357
0 0.7111857142857143 0.06409999999999999 0.06131428571428572 0.12819999999999998
0 0.7836857142857143 0.06409999999999999 0.06344285714285713 0.1182
0 0.8537714285714285 0.06048 0.05897142857142857 0.11546
0 0.9190428571428572 0.0541 0.05557142857142857 0.1002