0 0.3361462728551336 0.67625 0.14627285513361463 0.1175
0 0.709563994374121 0.5475 0.12236286919831224 0.115
0 0.7116736990154712 0.6875 0.12939521800281295 0.12
0 0.7123769338959213 0.82625 0.12517580872011252 0.1175
0 0.1490857946554149 0.25125 0.14627285513361463 0.1175
0 0.14345991561181434 0.39375 0.14627285513361463 0.1175
0 0.14275668073136427 0.5275 0.15049226441631505 0.11
0 0.13853727144866385 0.67125 0.12517580872011252 0.1175
0 0.3361462728551336 0.42625 0.14064697609001406 0.1075
0 0.12658227848101267 0.11375 0.14627285513361463 0.1175
0 0.7369901547116737 0.09875 0.13220815752461323 0.1125
0 0.32208157524613223 0.555 0.12939521800281295 0.11
0 0.7137834036568214 0.255 0.1589310829817159 0.115
0 0.710267229254571 0.40125 0.14064697609001406 0.1075
0 0.34177215189873417 0.24125 0.12939521800281295 0.0975
0 0.34810126582278483 0.0975 0.13361462728551335 0.105
0 0.9029535864978903 0.8325 0.15471167369901548 0.115
0 0.9078762306610408 0.11375 0.13642756680731363 0.1075
0 0.9036568213783404 0.26 0.12236286919831224 0.115
0 0.9120956399437412 0.405 0.13924050632911392 0.1
0 0.9022503516174403 0.69125 0.1308016877637131 0.1125
0 0.9135021097046413 0.53875 0.13924050632911392 0.1125