0 0.5210970464135021 0.46375 0.07172995780590717 0.1525
0 0.43037974683544306 0.29875 0.06188466947960619 0.1275
0 0.7390998593530239 0.34 0.06047819971870605 0.15
0 0.8980309423347398 0.5375 0.06610407876230662 0.15
0 0.7433192686357243 0.505 0.06047819971870605 0.155
0 0.7369901547116737 0.165 0.04781997187060478 0.09
0 0.6329113924050633 0.1525 0.0450070323488045 0.1
0 0.6835443037974683 0.1525 0.04781997187060478 0.09
0 0.7876230661040787 0.165 0.04781997187060478 0.09
0 0.8424753867791842 0.1775 0.04781997187060478 0.09
0 0.5344585091420534 0.1375 0.04781997187060478 0.09
0 0.5942334739803095 0.485 0.06047819971870605 0.155
0 0.6631504922644164 0.495 0.06047819971870605 0.155
0 0.8213783403656821 0.525 0.06469760900140648 0.16
0 0.4381153305203938 0.13 0.06329113924050633 0.085
0 0.5443037974683544 0.3275 0.06469760900140648 0.105
0 0.44163150492264414 0.46 0.06469760900140648 0.15