0 0.291015625 0.3548611111111111 0.04296875 0.1625
0 0.2875 0.19722222222222222 0.0390625 0.14166666666666666
0 0.144921875 0.3888888888888889 0.04921875 0.17222222222222222
0 0.341015625 0.7715277777777778 0.04296875 0.1625
0 0.200390625 0.3715277777777778 0.04296875 0.1625
0 0.525 0.34305555555555556 0.0421875 0.14722222222222223
0 0.47734375 0.35347222222222224 0.0375 0.15416666666666667
0 0.387890625 0.39166666666666666 0.04296875 0.1527777777777778
0 0.635546875 0.7673611111111112 0.04296875 0.1625
0 0.43984375 0.9409722222222222 0.04375 0.11805555555555555
0 0.244140625 0.7798611111111111 0.04296875 0.1625
0 0.4375 0.7708333333333334 0.0453125 0.175
0 0.486328125 0.7673611111111112 0.04296875 0.1625
0 0.5396640625 0.7541944444444444 0.029328125 0.13668055555555556
0 0.5910078125 0.7533194444444444 0.04253125 0.1323888888888889
0 0.5878828125 0.9285555555555555 0.0419609375 0.12931944444444443
0 0.535046875 0.9281527777777777 0.0442421875 0.14368055555555556
0 0.68446875 0.7702361111111112 0.047632812499999996 0.15106944444444445
0 0.730984375 0.7562222222222222 0.0341328125 0.14072222222222222
0 0.4464140625 0.5943611111111111 0.09425 0.09479166666666666
0 0.7679843749999999 0.16966666666666666 0.03853125 0.13843055555555556
0 0.7556328125 0.019694444444444445 0.0734765625 0.03938888888888889
0 0.721328125 0.16359722222222223 0.031859375 0.15244444444444444
0 0.674453125 0.1672638888888889 0.0460703125 0.14715277777777777
0 0.618703125 0.17773611111111112 0.038265625 0.13022222222222224
0 0.5730390625 0.17218055555555556 0.0421015625 0.13931944444444444
0 0.5266640625 0.16649999999999998 0.036 0.1607777777777778
0 0.4757421875 0.16991666666666666 0.037859375 0.14993055555555557
0 0.430578125 0.18304166666666666 0.0384296875 0.16608333333333333
0 0.3830703125 0.18430555555555553 0.0414140625 0.15345833333333334
0 0.3372578125 0.1904861111111111 0.036453124999999996 0.15320833333333334
0 0.20224999999999999 0.18884722222222222 0.046265625 0.12213888888888888
0 0.1569453125 0.1995833333333333 0.026671875 0.1309861111111111
0 0.116890625 0.19541666666666666 0.04315625 0.12518055555555554