0 0.273046875 0.2423611111111111 0.05859375 0.19305555555555556
0 0.807421875 0.7798611111111111 0.05859375 0.19305555555555556
0 0.748046875 0.2534722222222222 0.05859375 0.19305555555555556
0 0.543359375 0.7916666666666666 0.05546875 0.23055555555555557
0 0.609765625 0.7868055555555555 0.06015625 0.22916666666666666
0 0.616015625 0.2763888888888889 0.06015625 0.21944444444444444
0 0.209375 0.24722222222222223 0.0578125 0.2
0 0.544140625 0.2625 0.05546875 0.21388888888888888
0 0.41171875 0.7736111111111111 0.059375 0.225
0 0.333984375 0.8055555555555556 0.05859375 0.2111111111111111
0 0.272265625 0.7840277777777778 0.05859375 0.19305555555555556
0 0.472265625 0.24513888888888888 0.05859375 0.19305555555555556
0 0.40859375 0.26666666666666666 0.0640625 0.2111111111111111
0 0.335546875 0.24930555555555556 0.05859375 0.19305555555555556
0 0.14609375 0.22777777777777777 0.059375 0.20833333333333334
0 0.4671484375 0.5432361111111111 0.1073125 0.08597222222222221