0 0.293359375 0.36041666666666666 0.04765625 0.15416666666666667
0 0.339453125 0.18125 0.04765625 0.15416666666666667
0 0.480859375 0.34930555555555554 0.04765625 0.15416666666666667
0 0.201171875 0.19930555555555557 0.04765625 0.15416666666666667
0 0.52890625 0.3423611111111111 0.0453125 0.15138888888888888
0 0.20234375 0.375 0.04375 0.16944444444444445
0 0.38984375 0.3888888888888889 0.053125 0.14722222222222223
0 0.29375 0.7736111111111111 0.0484375 0.15833333333333333
0 0.247265625 0.7756944444444445 0.04765625 0.15416666666666667
0 0.53984375 0.9208333333333333 0.0484375 0.15833333333333333
0 0.59140625 0.9208333333333333 0.0484375 0.15833333333333333
0 0.63671875 0.7666666666666667 0.0484375 0.15833333333333333
0 0.48671875 0.7638888888888888 0.0484375 0.15833333333333333
0 0.3921875 0.7625 0.0484375 0.15833333333333333
0 0.5375 0.7625 0.0484375 0.15833333333333333
0 0.68828125 0.7638888888888888 0.0484375 0.15833333333333333
0 0.78671875 0.9208333333333333 0.0484375 0.15833333333333333