0 0.3828125 0.4013888888888889 0.0421875 0.14166666666666666
0 0.483984375 0.7854166666666667 0.04765625 0.1597222222222222
0 0.381640625 0.7743055555555556 0.04921875 0.1597222222222222
0 0.1890625 0.3798611111111111 0.05 0.17083333333333334
0 0.61796875 0.37430555555555556 0.0484375 0.16805555555555557
0 0.28671875 0.3638888888888889 0.0453125 0.1527777777777778
0 0.43125 0.38472222222222224 0.0421875 0.14166666666666666
0 0.71953125 0.3590277777777778 0.046875 0.1763888888888889
0 0.6859375 0.7805555555555556 0.046875 0.16111111111111112
0 0.6171875 0.1798611111111111 0.04375 0.15416666666666667
0 0.52421875 0.3548611111111111 0.0484375 0.16805555555555557
0 0.783203125 0.9340277777777778 0.04921875 0.13194444444444445
0 0.78359375 0.7791666666666667 0.046875 0.16111111111111112