0 0.291015625 0.3548611111111111 0.05078125 0.1763888888888889
0 0.526171875 0.33402777777777776 0.04296875 0.1597222222222222
0 0.487109375 0.7576388888888889 0.05078125 0.1763888888888889
0 0.389453125 0.7493055555555556 0.04609375 0.16527777777777777
0 0.290234375 0.7666666666666667 0.04921875 0.16666666666666666
0 0.198828125 0.36666666666666664 0.05234375 0.175
0 0.475 0.3451388888888889 0.0484375 0.15694444444444444
0 0.3875 0.3819444444444444 0.05 0.15555555555555556
0 0.683984375 0.7576388888888889 0.04296875 0.1597222222222222
0 0.637109375 0.7548611111111111 0.04296875 0.1597222222222222
0 0.58671875 0.74375 0.040625 0.15138888888888888
0 0.621484375 0.3576388888888889 0.04296875 0.1597222222222222
0 0.28984375 0.18541666666666667 0.04375 0.14583333333333334
0 0.429296875 0.1701388888888889 0.04453125 0.17083333333333334
0 0.6171875 0.16666666666666666 0.0390625 0.1527777777777778
0 0.52578125 0.15833333333333333 0.04375 0.1638888888888889
0 0.4344140625 0.5477777777777777 0.09439062499999999 0.07486111111111111
0 0.09246093749999999 0.8049444444444444 0.051109375 0.17252777777777778