0 0.4171875 0.44930555555555557 0.0703125 0.2125
0 0.811328125 0.7881944444444444 0.05546875 0.20416666666666666
0 0.744140625 0.2604166666666667 0.05859375 0.20694444444444443
0 0.74140625 0.7854166666666667 0.0625 0.22083333333333333
0 0.615234375 0.28541666666666665 0.05703125 0.22361111111111112
0 0.54375 0.26180555555555557 0.053125 0.2263888888888889
0 0.271875 0.23819444444444443 0.05625 0.19027777777777777
0 0.4765625 0.24791666666666667 0.059375 0.20694444444444443
0 0.60703125 0.7861111111111111 0.0671875 0.21388888888888888
0 0.4765625 0.8013888888888889 0.071875 0.21666666666666667
0 0.4140625 0.7708333333333334 0.071875 0.21666666666666667
0 0.337109375 0.7944444444444444 0.05859375 0.20555555555555555
0 0.27421875 0.7805555555555556 0.05625 0.19166666666666668
0 0.210546875 0.7625 0.06015625 0.23333333333333334
0 0.139453125 0.7791666666666667 0.07109375 0.22777777777777777