0 0.04054347826086956 0.622590579710145 0.07277173913043479 0.02374094202898551
0 0.1850271739130435 0.6010144927536232 0.07239130434782609 0.02428442028985507
0 0.1878125 0.6230163043478261 0.06839673913043479 0.024592391304347826
0 0.1872554347826087 0.644855072463768 0.07207880434782608 0.02351449275362319
0 0.04085597826086956 0.6679166666666667 0.07341032608695652 0.02595108695652174
0 0.18485054347826088 0.6673822463768115 0.076875 0.0227536231884058
0 0.25620923913043475 0.6672282608695652 0.0709375 0.025625
0 0.1862092391304348 0.6886684782608695 0.07158967391304348 0.02802536231884058
0 0.25453804347826087 0.6897373188405798 0.07557065217391304 0.02588768115942029
0 0.18741847826086958 0.7115760869565217 0.07559782608695652 0.024809782608695652
0 0.25552989130434783 0.7117391304347827 0.07592391304347826 0.03144927536231884
0 0.46853260869565216 0.6899003623188406 0.07581521739130434 0.02301630434782609
0 0.2534239130434783 0.9647282608695652 0.07013586956521739 0.029184782608695652
0 0.25277173913043477 0.9857246376811595 0.07524456521739131 0.028559782608695652
0 0.04021739130434783 0.2917663043478261 0.07851902173913043 0.028115942028985506
0 0.04085597826086956 0.312481884057971 0.07979619565217391 0.025860507246376813
0 0.9087771739130435 0.7120923913043478 0.0764945652173913 0.026920289855072464
0 0.6280570652173914 0.710606884057971 0.07292119565217392 0.023940217391304346
0 0.6969293478260871 0.7113496376811594 0.07322010869565218 0.02756340579710145
0 0.6954211956521739 0.75375 0.07497282608695652 0.02711050724637681
0 0.9080570652173914 0.7560960144927537 0.07027173913043479 0.02753623188405797
0 0.9091711956521739 0.7796376811594203 0.0693070652173913 0.025597826086956522
0 0.9099728260869565 0.801268115942029 0.07410326086956522 0.024094202898550725
0 0.6291711956521739 0.7766576086956521 0.07195652173913043 0.02816123188405797
0 0.6951766304347826 0.7769746376811594 0.07289402173913043 0.02666666666666667
0 0.6262092391304348 0.7989764492753624 0.07403532608695652 0.02697463768115942
0 0.6278940217391304 0.8223007246376812 0.07580163043478261 0.024619565217391302
0 0.6958967391304347 0.8214492753623188 0.07273097826086956 0.02717391304347826
0 0.8414130434782608 0.8214492753623188 0.07444293478260869 0.02717391304347826
0 0.9130027173913043 0.823052536231884 0.07697010869565217 0.026530797101449274
0 0.6282880434782608 0.846340579710145 0.06860054347826088 0.022608695652173914
0 0.6941304347826087 0.8438949275362319 0.07241847826086956 0.024103260869565216
0 0.9093342391304348 0.8460778985507247 0.07154891304347825 0.023143115942028985
0 0.6297282608695652 0.8671195652173913 0.06828804347826087 0.023659420289855074
0 0.8406929347826086 0.8658333333333333 0.07460597826086957 0.029628623188405798
0 0.9087771739130435 0.8679166666666667 0.0764945652173913 0.02632246376811594
0 0.6358016304347825 0.8885869565217391 0.06763586956521739 0.02503623188405797
0 0.6978125000000001 0.8870923913043478 0.0701766304347826 0.02631340579710145
0 0.8433288043478262 0.8908695652173912 0.07188858695652174 0.022155797101449277
0 0.9062907608695652 0.8892210144927537 0.07634510869565217 0.02631340579710145
0 0.6350815217391305 0.9128170289855072 0.061413043478260876 0.02342391304347826
0 0.6952581521739131 0.9113315217391305 0.0714538043478261 0.024701086956521737
0 0.8429347826086956 0.9152717391304348 0.07269021739130435 0.02703804347826087
0 0.9058967391304348 0.9127626811594204 0.07713315217391305 0.028641304347826087
0 0.6322826086956522 0.9333786231884058 0.06699728260869565 0.02404891304347826
0 0.6946195652173913 0.9321557971014492 0.07657608695652174 0.024791666666666667
0 0.6310054347826087 0.9550634057971016 0.0644429347826087 0.025842391304347827
0 0.6946195652173913 0.955054347826087 0.07657608695652174 0.030108695652173913
0 0.8443614130434783 0.9391847826086955 0.07236413043478261 0.026068840579710147
0 0.9055706521739131 0.9361503623188405 0.0764945652173913 0.02532608695652174
0 0.8437228260869566 0.9602807971014493 0.07108695652173913 0.025634057971014493
0 0.9059782608695651 0.9584692028985508 0.0693070652173913 0.024139492753623187