0 0.26590909090909093 0.63125 0.11181818181818182 0.0763888888888889
0 0.8654545454545455 0.8881944444444444 0.08181818181818182 0.05138888888888889
0 0.4172727272727273 0.22152777777777777 0.07454545454545454 0.059722222222222225
0 0.42 0.1527777777777778 0.07818181818181819 0.05277777777777778
0 0.19136363636363637 0.3 0.07727272727272727 0.05
0 0.8572727272727273 0.2881944444444444 0.08545454545454545 0.05416666666666667
0 0.87 0.8180555555555555 0.08545454545454545 0.04722222222222222
0 0.4163636363636364 0.8875 0.08181818181818182 0.05
0 0.515 0.15763888888888888 0.08636363636363636 0.05694444444444444
0 0.19272727272727272 0.15416666666666667 0.07090909090909091 0.05277777777777778
0 0.09045454545454545 0.14791666666666667 0.11363636363636363 0.059722222222222225
0 0.19136363636363637 0.6902777777777778 0.08272727272727273 0.05277777777777778
0 0.7286363636363636 0.8923611111111112 0.10272727272727272 0.05416666666666667
0 0.7436363636363637 0.6277777777777778 0.12363636363636364 0.08888888888888889
0 0.7363636363636363 0.7541666666666667 0.10545454545454545 0.06111111111111111
0 0.5109090909090909 0.55625 0.0890909090909091 0.059722222222222225
0 0.4177272727272727 0.35555555555555557 0.09545454545454546 0.06388888888888888
0 0.66 0.8069444444444445 0.04 0.1111111111111111
0 0.08954545454545454 0.2263888888888889 0.08818181818181818 0.06111111111111111
0 0.5095454545454545 0.8208333333333333 0.12272727272727273 0.06111111111111111
0 0.49954545454545457 0.29444444444444445 0.09727272727272727 0.05277777777777778
0 0.5086363636363637 0.35694444444444445 0.0809090909090909 0.058333333333333334
0 0.09272727272727273 0.6993055555555555 0.1 0.06527777777777778
0 0.8595454545454545 0.48194444444444445 0.08636363636363636 0.05277777777777778
0 0.8636363636363636 0.41944444444444445 0.08727272727272728 0.05277777777777778
0 0.09818181818181818 0.30277777777777776 0.07454545454545454 0.05555555555555555
0 0.5177272727272727 0.8923611111111112 0.10272727272727272 0.05694444444444444
0 0.509090909090909 0.49236111111111114 0.08181818181818182 0.05416666666666667
0 0.8681818181818182 0.35694444444444445 0.0890909090909091 0.05277777777777778
0 0.09772727272727273 0.6298611111111111 0.08636363636363636 0.05416666666666667
0 0.19590909090909092 0.22013888888888888 0.1190909090909091 0.06805555555555555
0 0.41454545454545455 0.5583333333333333 0.09818181818181818 0.06111111111111111
0 0.5081818181818182 0.22569444444444445 0.08363636363636363 0.05694444444444444
0 0.86 0.5527777777777778 0.08363636363636363 0.05
0 0.7472727272727273 0.21180555555555555 0.08727272727272728 0.059722222222222225
0 0.1 0.4263888888888889 0.08545454545454545 0.05555555555555555
0 0.41818181818181815 0.49375 0.07818181818181819 0.05416666666666667
0 0.8636363636363636 0.6201388888888889 0.08363636363636363 0.05138888888888889
0 0.7454545454545455 0.42291666666666666 0.07272727272727272 0.05416666666666667
0 0.18818181818181817 0.3625 0.08181818181818182 0.05277777777777778
0 0.4159090909090909 0.6229166666666667 0.07363636363636364 0.05138888888888889
0 0.10272727272727272 0.8236111111111111 0.08363636363636363 0.06111111111111111
0 0.18227272727272728 0.7611111111111111 0.06636363636363636 0.05277777777777778
0 0.10772727272727273 0.36319444444444443 0.07 0.05138888888888889
0 0.7368181818181818 0.2791666666666667 0.1009090909090909 0.05555555555555555
0 0.18363636363636363 0.42291666666666666 0.07636363636363637 0.05138888888888889
0 0.18818181818181817 0.48819444444444443 0.07090909090909091 0.05138888888888889
0 0.7518181818181818 0.14027777777777778 0.07818181818181819 0.05277777777777778
0 0.41954545454545455 0.7527777777777778 0.08272727272727273 0.05
0 0.1940909090909091 0.9027777777777778 0.08454545454545455 0.05
0 0.105 0.7618055555555555 0.07727272727272727 0.05138888888888889
0 0.4209090909090909 0.4263888888888889 0.08 0.05277777777777778