0 0.8540909090909091 0.29097222222222224 0.08454545454545455 0.05416666666666667
0 0.7340909090909091 0.7569444444444444 0.10636363636363637 0.06111111111111111
0 0.8631818181818182 0.8895833333333333 0.0809090909090909 0.05138888888888889
0 0.8695454545454545 0.8194444444444444 0.0809090909090909 0.04722222222222222
0 0.41909090909090907 0.8881944444444444 0.07636363636363637 0.05138888888888889
0 0.1890909090909091 0.3013888888888889 0.07818181818181819 0.05
0 0.23772727272727273 0.6340277777777777 0.11181818181818182 0.0625
0 0.0890909090909091 0.15069444444444444 0.11272727272727273 0.059722222222222225
0 0.5131818181818182 0.16041666666666668 0.08636363636363636 0.05694444444444444
0 0.4163636363636364 0.3576388888888889 0.09636363636363636 0.0625
0 0.725909090909091 0.89375 0.10272727272727272 0.05416666666666667
0 0.7345454545454545 0.28194444444444444 0.10181818181818182 0.05555555555555555
0 0.6668181818181819 0.5819444444444445 0.03909090909090909 0.1111111111111111
0 0.19136363636363637 0.15763888888888888 0.07 0.05416666666666667
0 0.5054545454545455 0.22847222222222222 0.08545454545454545 0.05416666666666667
0 0.8572727272727273 0.48541666666666666 0.08363636363636363 0.05416666666666667
0 0.1890909090909091 0.6930555555555555 0.08363636363636363 0.05277777777777778
0 0.08772727272727272 0.22847222222222222 0.08818181818181818 0.059722222222222225
0 0.09818181818181818 0.3055555555555556 0.07636363636363637 0.05555555555555555
0 0.8618181818181818 0.4215277777777778 0.0890909090909091 0.05416666666666667
0 0.4159090909090909 0.22361111111111112 0.07363636363636364 0.06111111111111111
0 0.5163636363636364 0.8215277777777777 0.10545454545454545 0.059722222222222225
0 0.49772727272727274 0.2986111111111111 0.09727272727272727 0.05277777777777778
0 0.09136363636363637 0.7013888888888888 0.1009090909090909 0.06388888888888888
0 0.745 0.425 0.07727272727272727 0.05555555555555555
0 0.5063636363636363 0.3590277777777778 0.08181818181818182 0.05694444444444444
0 0.1859090909090909 0.3645833333333333 0.08272727272727273 0.05416666666666667
0 0.8572727272727273 0.55625 0.08363636363636363 0.04861111111111111
0 0.415 0.6243055555555556 0.07545454545454545 0.05138888888888889
0 0.10681818181818181 0.36666666666666664 0.07 0.05277777777777778
0 0.8613636363636363 0.6222222222222222 0.08454545454545455 0.05277777777777778
0 0.09863636363636363 0.4284722222222222 0.08454545454545455 0.05416666666666667
0 0.1 0.8263888888888888 0.08545454545454545 0.06111111111111111
0 0.4177272727272727 0.7548611111111111 0.0809090909090909 0.05138888888888889
0 0.5118181818181818 0.5583333333333333 0.08363636363636363 0.058333333333333334
0 0.5068181818181818 0.49444444444444446 0.08272727272727273 0.05555555555555555
0 0.19454545454545455 0.22152777777777777 0.12 0.06805555555555555
0 0.18454545454545454 0.5583333333333333 0.09090909090909091 0.05555555555555555
0 0.7518181818181818 0.6180555555555556 0.10181818181818182 0.06111111111111111
0 0.18681818181818183 0.4909722222222222 0.07181818181818182 0.05138888888888889
0 0.8636363636363636 0.3590277777777778 0.09272727272727273 0.05416666666666667
0 0.18181818181818182 0.42569444444444443 0.07636363636363637 0.05138888888888889
0 0.5154545454545455 0.8944444444444445 0.10181818181818182 0.05555555555555555
0 0.730909090909091 0.2152777777777778 0.11454545454545455 0.06111111111111111
0 0.4059090909090909 0.15694444444444444 0.09363636363636364 0.05555555555555555
0 0.40863636363636363 0.42986111111111114 0.1009090909090909 0.05416666666666667