0 0.4213636363636364 0.1486111111111111 0.0809090909090909 0.05555555555555555
0 0.41818181818181815 0.3527777777777778 0.09454545454545454 0.06388888888888888
0 0.8581818181818182 0.2847222222222222 0.08545454545454545 0.05555555555555555
0 0.7445454545454545 0.6145833333333334 0.12363636363636364 0.06527777777777778
0 0.08954545454545454 0.1451388888888889 0.11363636363636363 0.0625
0 0.29318181818181815 0.65625 0.07727272727272727 0.12916666666666668
0 0.7368181818181818 0.7527777777777778 0.10636363636363637 0.06111111111111111
0 0.08818181818181818 0.6201388888888889 0.10363636363636364 0.07361111111111111
0 0.509090909090909 0.35347222222222224 0.08181818181818182 0.05694444444444444
0 0.8668181818181818 0.8861111111111111 0.08272727272727273 0.05277777777777778
0 0.1918181818181818 0.15138888888888888 0.07090909090909091 0.05555555555555555
0 0.7295454545454545 0.8902777777777777 0.10272727272727272 0.05555555555555555
0 0.51 0.81875 0.12363636363636364 0.0625
0 0.5154545454545455 0.15416666666666667 0.08545454545454545 0.058333333333333334
0 0.7481818181818182 0.2076388888888889 0.08727272727272728 0.059722222222222225
0 0.18954545454545454 0.29791666666666666 0.07727272727272727 0.05138888888888889
0 0.4213636363636364 0.21805555555555556 0.08272727272727273 0.06388888888888888
0 0.41863636363636364 0.8868055555555555 0.07909090909090909 0.05138888888888889
0 0.5104545454545455 0.5541666666666667 0.09181818181818181 0.058333333333333334
0 0.8731818181818182 0.8166666666666667 0.0809090909090909 0.04722222222222222
0 0.7377272727272727 0.27569444444444446 0.10272727272727272 0.05694444444444444
0 0.18863636363636363 0.6888888888888889 0.0809090909090909 0.05277777777777778
0 0.08863636363636364 0.22361111111111112 0.08818181818181818 0.06111111111111111
0 0.8686363636363637 0.35208333333333336 0.09181818181818181 0.05416666666666667
0 0.8613636363636363 0.55 0.08454545454545455 0.05
0 0.8604545454545455 0.4791666666666667 0.08636363636363636 0.05277777777777778
0 0.09227272727272727 0.6979166666666666 0.1009090909090909 0.06527777777777778
0 0.509090909090909 0.4895833333333333 0.08181818181818182 0.05416666666666667
0 0.5177272727272727 0.8909722222222223 0.10272727272727272 0.05694444444444444
0 0.4172727272727273 0.48819444444444443 0.08 0.05694444444444444
0 0.41454545454545455 0.5569444444444445 0.09818181818181818 0.06111111111111111
0 0.09681818181818182 0.3 0.07363636363636364 0.05555555555555555
0 0.5004545454545455 0.2916666666666667 0.09727272727272727 0.05277777777777778
0 0.195 0.21666666666666667 0.12090909090909091 0.06944444444444445
0 0.865909090909091 0.4173611111111111 0.08818181818181818 0.05416666666666667
0 0.5081818181818182 0.22152777777777777 0.08363636363636363 0.05416666666666667
0 0.7368181818181818 0.4215277777777778 0.10272727272727272 0.05694444444444444
0 0.18727272727272729 0.3597222222222222 0.08181818181818182 0.05277777777777778
0 0.41954545454545455 0.7513888888888889 0.08272727272727273 0.05
0 0.09818181818181818 0.49444444444444446 0.09636363636363636 0.06111111111111111
0 0.09909090909090909 0.42430555555555555 0.08545454545454545 0.05694444444444444
0 0.1859090909090909 0.5527777777777778 0.08818181818181818 0.05555555555555555
0 0.41818181818181815 0.6208333333333333 0.07818181818181819 0.05277777777777778
0 0.10681818181818181 0.36041666666666666 0.07 0.05138888888888889
0 0.10181818181818182 0.8256944444444444 0.08181818181818182 0.05694444444444444
0 0.865 0.61875 0.08454545454545455 0.05138888888888889
0 0.18181818181818182 0.42083333333333334 0.07818181818181819 0.05277777777777778
0 0.42045454545454547 0.42430555555555555 0.07909090909090909 0.05138888888888889
0 0.19454545454545455 0.9013888888888889 0.08181818181818182 0.05
0 0.7522727272727273 0.1375 0.07909090909090909 0.05277777777777778
0 0.18681818181818183 0.48680555555555555 0.07181818181818182 0.05138888888888889
0 0.10454545454545454 0.7611111111111111 0.07636363636363637 0.05