0 0.7304545454545455 0.7555555555555555 0.10636363636363637 0.06111111111111111
0 0.4118181818181818 0.2222222222222222 0.06727272727272728 0.06111111111111111
0 0.85 0.2902777777777778 0.08363636363636363 0.05555555555555555
0 0.18681818181818183 0.3020833333333333 0.07909090909090909 0.05138888888888889
0 0.5068181818181818 0.5583333333333333 0.08818181818181818 0.058333333333333334
0 0.7227272727272728 0.8923611111111112 0.10181818181818182 0.05416666666666667
0 0.649090909090909 0.4722222222222222 0.06181818181818182 0.09444444444444444
0 0.8590909090909091 0.8888888888888888 0.08181818181818182 0.05277777777777778
0 0.7272727272727273 0.2152777777777778 0.11454545454545455 0.06111111111111111
0 0.51 0.16041666666666668 0.08545454545454545 0.05694444444444444
0 0.8645454545454545 0.8194444444444444 0.08363636363636363 0.04722222222222222
0 0.41409090909090907 0.3576388888888889 0.09363636363636364 0.0625
0 0.4127272727272727 0.15555555555555556 0.06909090909090909 0.05277777777777778
0 0.08727272727272728 0.15 0.11272727272727273 0.06111111111111111
0 0.7431818181818182 0.42569444444444443 0.07727272727272727 0.05416666666666667
0 0.40954545454545455 0.8881944444444444 0.08818181818181818 0.05138888888888889
0 0.2859090909090909 0.8145833333333333 0.09 0.10694444444444444
0 0.9490909090909091 0.09375 0.06727272727272728 0.13472222222222222
0 0.515 0.8208333333333333 0.10272727272727272 0.06111111111111111
0 0.4109090909090909 0.5597222222222222 0.09636363636363636 0.06111111111111111
0 0.21636363636363637 0.6319444444444444 0.09090909090909091 0.05555555555555555
0 0.7313636363636363 0.28194444444444444 0.1009090909090909 0.05555555555555555
0 0.18954545454545454 0.15694444444444444 0.07 0.05277777777777778
0 0.8527272727272728 0.4840277777777778 0.08727272727272728 0.05416666666666667
0 0.5022727272727273 0.22777777777777777 0.08454545454545455 0.05555555555555555
0 0.5027272727272727 0.35833333333333334 0.08363636363636363 0.058333333333333334
0 0.18818181818181817 0.6909722222222222 0.08181818181818182 0.05138888888888889
0 0.495 0.2972222222222222 0.09727272727272727 0.05277777777777778
0 0.09727272727272727 0.30486111111111114 0.07818181818181819 0.05694444444444444
0 0.8581818181818182 0.4215277777777778 0.0890909090909091 0.05416666666666667
0 0.4113636363636364 0.4951388888888889 0.08454545454545455 0.05416666666666667
0 0.86 0.3590277777777778 0.09272727272727273 0.05416666666666667
0 0.5131818181818182 0.8930555555555556 0.1009090909090909 0.05555555555555555
0 0.7454545454545455 0.35347222222222224 0.08 0.05416666666666667
0 0.8536363636363636 0.5555555555555556 0.08363636363636363 0.05
0 0.08727272727272728 0.22777777777777777 0.08727272727272728 0.06111111111111111
0 0.5040909090909091 0.49375 0.08272727272727273 0.05694444444444444
0 0.08954545454545454 0.7006944444444444 0.1009090909090909 0.06527777777777778
0 0.8572727272727273 0.6222222222222222 0.08363636363636363 0.05277777777777778
0 0.10454545454545454 0.36527777777777776 0.06909090909090909 0.05277777777777778
0 0.18454545454545454 0.3645833333333333 0.08181818181818182 0.05416666666666667
0 0.4163636363636364 0.7527777777777778 0.08181818181818182 0.05
0 0.09636363636363636 0.4965277777777778 0.09272727272727273 0.059722222222222225
0 0.18818181818181817 0.5569444444444445 0.08 0.05277777777777778
0 0.09954545454545455 0.8256944444444444 0.08272727272727273 0.05694444444444444
0 0.41409090909090907 0.6243055555555556 0.07727272727272727 0.05138888888888889
0 0.1831818181818182 0.4888888888888889 0.07363636363636364 0.05277777777777778
0 0.7459090909090909 0.14444444444444443 0.07909090909090909 0.05555555555555555
0 0.18 0.42430555555555555 0.07636363636363637 0.05138888888888889
0 0.19227272727272726 0.22152777777777777 0.1190909090909091 0.06805555555555555
0 0.7381818181818182 0.6180555555555556 0.12181818181818181 0.06388888888888888
0 0.09681818181818182 0.42777777777777776 0.08454545454545455 0.05555555555555555
0 0.40636363636363637 0.4326388888888889 0.1 0.0625