0 0.8668181818181818 0.8881944444444444 0.08272727272727273 0.05138888888888889
0 0.2740909090909091 0.6305555555555555 0.11181818181818182 0.08333333333333333
0 0.8740909090909091 0.8180555555555555 0.07909090909090909 0.04722222222222222
0 0.7368181818181818 0.7541666666666667 0.10636363636363637 0.06111111111111111
0 0.1918181818181818 0.3 0.07818181818181819 0.05
0 0.5118181818181818 0.8194444444444444 0.12181818181818181 0.06111111111111111
0 0.41909090909090907 0.1527777777777778 0.07272727272727272 0.05277777777777778
0 0.19318181818181818 0.15347222222222223 0.07181818181818182 0.05416666666666667
0 0.19045454545454546 0.6902777777777778 0.07909090909090909 0.05277777777777778
0 0.415 0.8875 0.09 0.05
0 0.4172727272727273 0.22152777777777777 0.07272727272727272 0.05694444444444444
0 0.73 0.8916666666666667 0.10181818181818182 0.05555555555555555
0 0.7368181818181818 0.42291666666666666 0.10272727272727272 0.05694444444444444
0 0.10272727272727272 0.30277777777777776 0.08181818181818182 0.05555555555555555
0 0.655 0.9423611111111111 0.03909090909090909 0.10972222222222222
0 0.09045454545454545 0.2263888888888889 0.08636363636363636 0.058333333333333334
0 0.5131818181818182 0.55625 0.08818181818181818 0.059722222222222225
0 0.5168181818181818 0.15763888888888888 0.08454545454545455 0.05694444444444444
0 0.41954545454545455 0.3548611111111111 0.09545454545454546 0.0625
0 0.860909090909091 0.48125 0.08545454545454545 0.05416666666666667
0 0.51 0.225 0.08181818181818182 0.05555555555555555
0 0.5004545454545455 0.29375 0.09727272727272727 0.05138888888888889
0 0.5086363636363637 0.35625 0.08272727272727273 0.05694444444444444
0 0.09409090909090909 0.6993055555555555 0.1009090909090909 0.06527777777777778
0 0.8654545454545455 0.41944444444444445 0.08727272727272728 0.05277777777777778
0 0.519090909090909 0.8923611111111112 0.10181818181818182 0.05694444444444444
0 0.7381818181818182 0.27847222222222223 0.10181818181818182 0.05694444444444444
0 0.4159090909090909 0.5583333333333333 0.09727272727272727 0.06111111111111111
0 0.8686363636363637 0.35625 0.09181818181818181 0.05416666666666667
0 0.8613636363636363 0.5527777777777778 0.08454545454545455 0.05
0 0.09136363636363637 0.14791666666666667 0.11363636363636363 0.059722222222222225
0 0.1968181818181818 0.21944444444444444 0.1190909090909091 0.06944444444444445
0 0.8581818181818182 0.2881944444444444 0.08545454545454545 0.05416666666666667
0 0.1009090909090909 0.4263888888888889 0.08545454545454545 0.05555555555555555
0 0.18863636363636363 0.36180555555555555 0.08272727272727273 0.05416666666666667
0 0.41909090909090907 0.6229166666666667 0.07818181818181819 0.05138888888888889
0 0.10318181818181818 0.8277777777777777 0.08272727272727273 0.06388888888888888
0 0.8645454545454545 0.6208333333333333 0.08363636363636363 0.05
0 0.51 0.49166666666666664 0.08181818181818182 0.05555555555555555
0 0.10045454545454545 0.4965277777777778 0.09545454545454546 0.059722222222222225
0 0.4218181818181818 0.4270833333333333 0.08 0.05138888888888889
0 0.10863636363636364 0.36319444444444443 0.07 0.05138888888888889
0 0.41954545454545455 0.4930555555555556 0.07545454545454545 0.05277777777777778
0 0.42 0.7527777777777778 0.08181818181818182 0.05
0 0.7527272727272727 0.14027777777777778 0.07818181818181819 0.05277777777777778
0 0.18772727272727271 0.5548611111111111 0.08818181818181818 0.05416666666666667
0 0.09909090909090909 0.6291666666666667 0.08545454545454545 0.05555555555555555
0 0.18409090909090908 0.42291666666666666 0.07727272727272727 0.05138888888888889
0 0.18954545454545454 0.48819444444444443 0.07 0.05138888888888889
0 0.10681818181818181 0.7618055555555555 0.07545454545454545 0.05138888888888889
0 0.7486363636363637 0.2111111111111111 0.08636363636363636 0.058333333333333334