0 0.7322727272727273 0.7555555555555555 0.10636363636363637 0.06111111111111111
0 0.8690909090909091 0.8194444444444444 0.07818181818181819 0.04722222222222222
0 0.5113636363636364 0.16041666666666668 0.08818181818181818 0.05694444444444444
0 0.18772727272727271 0.30277777777777776 0.07909090909090909 0.05
0 0.6631818181818182 0.5097222222222222 0.05545454545454546 0.10833333333333334
0 0.22363636363636363 0.6340277777777777 0.11090909090909092 0.05694444444444444
0 0.8618181818181818 0.8895833333333333 0.08181818181818182 0.05138888888888889
0 0.74 0.6305555555555555 0.12363636363636364 0.08888888888888889
0 0.7445454545454545 0.42569444444444443 0.07818181818181819 0.05416666666666667
0 0.415 0.22291666666666668 0.07181818181818182 0.0625
0 0.41545454545454547 0.3576388888888889 0.09636363636363636 0.0625
0 0.4168181818181818 0.8881944444444444 0.07727272727272727 0.05138888888888889
0 0.855909090909091 0.4847222222222222 0.08636363636363636 0.05277777777777778
0 0.19045454545454546 0.15763888888888888 0.07 0.05416666666666667
0 0.725 0.89375 0.10272727272727272 0.05416666666666667
0 0.18863636363636363 0.6916666666666667 0.08454545454545455 0.05277777777777778
0 0.08863636363636364 0.15138888888888888 0.11363636363636363 0.06111111111111111
0 0.8531818181818182 0.2902777777777778 0.08454545454545455 0.05555555555555555
0 0.860909090909091 0.4215277777777778 0.0890909090909091 0.05416666666666667
0 0.86 0.6222222222222222 0.08363636363636363 0.05277777777777778
0 0.855909090909091 0.5555555555555556 0.08454545454545455 0.05
0 0.5045454545454545 0.22777777777777777 0.08545454545454545 0.05555555555555555
0 0.4059090909090909 0.15694444444444444 0.09545454545454546 0.05555555555555555
0 0.1 0.30486111111111114 0.08 0.05694444444444444
0 0.8627272727272727 0.3590277777777778 0.09272727272727273 0.05416666666666667
0 0.49636363636363634 0.2972222222222222 0.09636363636363636 0.05277777777777778
0 0.4177272727272727 0.7548611111111111 0.0809090909090909 0.05138888888888889
0 0.09090909090909091 0.7013888888888888 0.1 0.06388888888888888
0 0.5063636363636363 0.49444444444444446 0.08181818181818182 0.05555555555555555
0 0.5104545454545455 0.5590277777777778 0.08454545454545455 0.05694444444444444
0 0.41409090909090907 0.625 0.07363636363636364 0.05
0 0.5145454545454545 0.89375 0.10181818181818182 0.05694444444444444
0 0.08772727272727272 0.22847222222222222 0.08818181818181818 0.059722222222222225
0 0.4122727272727273 0.5611111111111111 0.09727272727272727 0.06111111111111111
0 0.10590909090909091 0.36666666666666664 0.07 0.05277777777777778
0 0.18545454545454546 0.3645833333333333 0.08181818181818182 0.05416666666666667
0 0.5054545454545455 0.3576388888888889 0.08181818181818182 0.05694444444444444
0 0.09818181818181818 0.4284722222222222 0.08545454545454545 0.05416666666666667
0 0.7436363636363637 0.21388888888888888 0.08545454545454545 0.058333333333333334
0 0.4168181818181818 0.4965277777777778 0.07545454545454545 0.05416666666666667
0 0.7336363636363636 0.28194444444444444 0.1 0.05555555555555555
0 0.18727272727272729 0.5555555555555556 0.08363636363636363 0.058333333333333334
0 0.19363636363636363 0.2222222222222222 0.12 0.06666666666666667
0 0.1 0.8256944444444444 0.08363636363636363 0.059722222222222225
0 0.185 0.49027777777777776 0.07363636363636364 0.05277777777777778
0 0.10363636363636364 0.7631944444444444 0.07454545454545454 0.05138888888888889
0 0.5159090909090909 0.8215277777777777 0.10454545454545454 0.059722222222222225
0 0.1809090909090909 0.42569444444444443 0.07636363636363637 0.05138888888888889
0 0.7486363636363637 0.14444444444444443 0.07727272727272727 0.05277777777777778