0 0.855 0.8895833333333333 0.0809090909090909 0.05138888888888889
0 0.5031818181818182 0.1625 0.09363636363636364 0.058333333333333334
0 0.8459090909090909 0.2916666666666667 0.08454545454545455 0.058333333333333334
0 0.26272727272727275 0.8263888888888888 0.09636363636363636 0.09166666666666666
0 0.7268181818181818 0.7555555555555555 0.10636363636363637 0.06111111111111111
0 0.4918181818181818 0.2986111111111111 0.09636363636363636 0.05277777777777778
0 0.7190909090909091 0.8930555555555556 0.10181818181818182 0.05555555555555555
0 0.86 0.8194444444444444 0.08363636363636363 0.04722222222222222
0 0.18409090909090908 0.30277777777777776 0.07909090909090909 0.05
0 0.18681818181818183 0.15902777777777777 0.07 0.05416666666666667
0 0.5 0.2298611111111111 0.08363636363636363 0.05416666666666667
0 0.4036363636363636 0.15833333333333333 0.09818181818181818 0.05555555555555555
0 0.4127272727272727 0.8888888888888888 0.07636363636363637 0.05
0 0.08454545454545455 0.15208333333333332 0.11272727272727273 0.059722222222222225
0 0.5059090909090909 0.5590277777777778 0.08454545454545455 0.05694444444444444
0 0.855909090909091 0.3611111111111111 0.09181818181818181 0.05277777777777778
0 0.8540909090909091 0.4215277777777778 0.08818181818181818 0.05416666666666667
0 0.8481818181818181 0.4861111111111111 0.08545454545454545 0.05555555555555555
0 0.7272727272727273 0.2833333333333333 0.1 0.05555555555555555
0 0.4022727272727273 0.43333333333333335 0.10272727272727272 0.058333333333333334
0 0.4109090909090909 0.35833333333333334 0.09454545454545454 0.06111111111111111
0 0.51 0.8930555555555556 0.10181818181818182 0.05555555555555555
0 0.49954545454545457 0.36041666666666666 0.08272727272727273 0.05694444444444444
0 0.8527272727272728 0.6229166666666667 0.08363636363636363 0.05138888888888889
0 0.09454545454545454 0.42986111111111114 0.08545454545454545 0.05416666666666667
0 0.09318181818181819 0.30625 0.07545454545454545 0.05694444444444444
0 0.08772727272727272 0.7013888888888888 0.09909090909090909 0.06388888888888888
0 0.19772727272727272 0.6298611111111111 0.09 0.05694444444444444
0 0.4081818181818182 0.5604166666666667 0.09636363636363636 0.059722222222222225
0 0.8486363636363636 0.55625 0.08454545454545455 0.04861111111111111
0 0.7240909090909091 0.21666666666666667 0.11363636363636363 0.06111111111111111
0 0.185 0.6930555555555555 0.08272727272727273 0.05277777777777778
0 0.41045454545454546 0.225 0.07363636363636364 0.06111111111111111
0 0.18181818181818182 0.36527777777777776 0.08181818181818182 0.05555555555555555
0 0.4113636363636364 0.625 0.07727272727272727 0.05
0 0.5013636363636363 0.49444444444444446 0.0809090909090909 0.05555555555555555
0 0.10227272727272728 0.36666666666666664 0.07 0.05277777777777778
0 0.08409090909090909 0.22916666666666666 0.08818181818181818 0.06111111111111111
0 0.18954545454545454 0.22361111111111112 0.1190909090909091 0.06666666666666667
0 0.5036363636363637 0.8215277777777777 0.12 0.059722222222222225
0 0.17727272727272728 0.42569444444444443 0.07636363636363637 0.05416666666666667
0 0.4127272727272727 0.7548611111111111 0.08 0.04861111111111111