0 0.41909090909090907 0.14791666666666667 0.08181818181818182 0.05416666666666667
0 0.5122727272727273 0.15347222222222223 0.08454545454545455 0.059722222222222225
0 0.7404545454545455 0.6138888888888889 0.12454545454545454 0.06388888888888888
0 0.08409090909090909 0.6194444444444445 0.10636363636363637 0.075
0 0.8540909090909091 0.2847222222222222 0.08454545454545455 0.05555555555555555
0 0.18681818181818183 0.6888888888888889 0.08454545454545455 0.05277777777777778
0 0.7322727272727273 0.7527777777777778 0.10636363636363637 0.06111111111111111
0 0.18863636363636363 0.14930555555555555 0.07181818181818182 0.05416666666666667
0 0.8618181818181818 0.8861111111111111 0.08181818181818182 0.05277777777777778
0 0.725 0.8902777777777777 0.10272727272727272 0.05555555555555555
0 0.41454545454545455 0.35138888888888886 0.09454545454545454 0.06111111111111111
0 0.2877272727272727 0.8583333333333333 0.04090909090909091 0.1361111111111111
0 0.41 0.8854166666666666 0.0890909090909091 0.05138888888888889
0 0.5159090909090909 0.8180555555555555 0.10454545454545454 0.06111111111111111
0 0.18636363636363637 0.29583333333333334 0.07818181818181819 0.05
0 0.08636363636363636 0.14375 0.11454545454545455 0.0625
0 0.8695454545454545 0.8159722222222222 0.07909090909090909 0.04583333333333333
0 0.5063636363636363 0.5527777777777778 0.09090909090909091 0.058333333333333334
0 0.4168181818181818 0.21666666666666667 0.07909090909090909 0.06388888888888888
0 0.745 0.2076388888888889 0.08636363636363636 0.059722222222222225
0 0.4172727272727273 0.4222222222222222 0.08 0.05277777777777778
0 0.7254545454545455 0.34791666666666665 0.10545454545454545 0.05694444444444444
0 0.8568181818181818 0.5493055555555556 0.08454545454545455 0.05138888888888889
0 0.4959090909090909 0.2902777777777778 0.09727272727272727 0.05277777777777778
0 0.08818181818181818 0.6965277777777777 0.10181818181818182 0.06527777777777778
0 0.09409090909090909 0.2986111111111111 0.07363636363636364 0.05555555555555555
0 0.855909090909091 0.4791666666666667 0.08454545454545455 0.05277777777777778
0 0.4168181818181818 0.7486111111111111 0.08272727272727273 0.05
0 0.5054545454545455 0.35208333333333336 0.08181818181818182 0.05694444444444444
0 0.8640909090909091 0.35208333333333336 0.09181818181818181 0.05416666666666667
0 0.860909090909091 0.61875 0.08363636363636363 0.05138888888888889
0 0.8613636363636363 0.41597222222222224 0.09 0.05416666666666667
0 0.5040909090909091 0.22083333333333333 0.08636363636363636 0.05555555555555555
0 0.09772727272727273 0.8270833333333333 0.08272727272727273 0.0625
0 0.10363636363636364 0.3597222222222222 0.07090909090909091 0.05277777777777778
0 0.18363636363636363 0.35833333333333334 0.08181818181818182 0.05277777777777778
0 0.08636363636363636 0.22152777777777777 0.0890909090909091 0.059722222222222225
0 0.5145454545454545 0.8902777777777777 0.10181818181818182 0.05555555555555555
0 0.7395454545454545 0.41944444444444445 0.06454545454545454 0.05277777777777778
0 0.4109090909090909 0.5548611111111111 0.09636363636363636 0.059722222222222225
0 0.10272727272727272 0.9027777777777778 0.08181818181818182 0.05555555555555555
0 0.7463636363636363 0.275 0.07636363636363637 0.05555555555555555
0 0.18363636363636363 0.4840277777777778 0.07272727272727272 0.05138888888888889
0 0.1009090909090909 0.7590277777777777 0.07454545454545454 0.05138888888888889
0 0.41 0.4861111111111111 0.08727272727272728 0.06111111111111111
0 0.09545454545454546 0.4222222222222222 0.08545454545454545 0.05555555555555555
0 0.5054545454545455 0.4888888888888889 0.08363636363636363 0.05555555555555555
0 0.1918181818181818 0.2152777777777778 0.12 0.06944444444444445
0 0.415 0.6201388888888889 0.07909090909090909 0.05138888888888889
0 0.1890909090909091 0.9 0.08363636363636363 0.05
0 0.17863636363636365 0.41875 0.07727272727272727 0.05138888888888889