0 0.1940909090909091 0.15208333333333332 0.07181818181818182 0.05416666666666667
0 0.41954545454545455 0.22083333333333333 0.07363636363636364 0.058333333333333334
0 0.30363636363636365 0.6215277777777778 0.10909090909090909 0.1125
0 0.8695454545454545 0.8881944444444444 0.0809090909090909 0.05138888888888889
0 0.7468181818181818 0.6152777777777778 0.12454545454545454 0.06388888888888888
0 0.86 0.28541666666666665 0.08363636363636363 0.05416666666666667
0 0.7390909090909091 0.7541666666666667 0.10727272727272727 0.06111111111111111
0 0.7318181818181818 0.8916666666666667 0.10363636363636364 0.05555555555555555
0 0.19227272727272726 0.2986111111111111 0.07727272727272727 0.05
0 0.73 0.35 0.1290909090909091 0.05555555555555555
0 0.8763636363636363 0.8173611111111111 0.08181818181818182 0.04583333333333333
0 0.41954545454545455 0.15069444444444444 0.07181818181818182 0.05416666666666667
0 0.42045454545454547 0.3548611111111111 0.09545454545454546 0.0625
0 0.4222727272727273 0.8868055555555555 0.07727272727272727 0.05138888888888889
0 0.09181818181818181 0.22569444444444445 0.0890909090909091 0.059722222222222225
0 0.09227272727272727 0.14722222222222223 0.11363636363636363 0.06111111111111111
0 0.5222727272727272 0.8201388888888889 0.10454545454545454 0.059722222222222225
0 0.19227272727272726 0.6902777777777778 0.08272727272727273 0.05277777777777778
0 0.8631818181818182 0.48125 0.08636363636363636 0.05416666666666667
0 0.51 0.3548611111111111 0.08363636363636363 0.05694444444444444
0 0.5022727272727273 0.29305555555555557 0.09727272727272727 0.05277777777777778
0 0.10318181818181818 0.3013888888888889 0.0809090909090909 0.05555555555555555
0 0.1 0.6291666666666667 0.08545454545454545 0.05555555555555555
0 0.7509090909090909 0.20902777777777778 0.08727272727272728 0.059722222222222225
0 0.8704545454545455 0.3541666666666667 0.09363636363636364 0.05277777777777778
0 0.7390909090909091 0.42291666666666666 0.10181818181818182 0.05694444444444444
0 0.5118181818181818 0.22291666666666668 0.08181818181818182 0.05416666666666667
0 0.09409090909090909 0.6993055555555555 0.1009090909090909 0.06527777777777778
0 0.8672727272727273 0.6201388888888889 0.08363636363636363 0.05138888888888889
0 0.8636363636363636 0.5513888888888889 0.08363636363636363 0.05
0 0.515 0.5555555555555556 0.08454545454545455 0.058333333333333334
0 0.8672727272727273 0.41805555555555557 0.08727272727272728 0.05277777777777778
0 0.10136363636363636 0.425 0.08636363636363636 0.05555555555555555
0 0.5204545454545455 0.8923611111111112 0.10272727272727272 0.05694444444444444
0 0.1040909090909091 0.8229166666666666 0.08272727272727273 0.07083333333333333
0 0.19 0.3611111111111111 0.08181818181818182 0.05277777777777778
0 0.19772727272727272 0.21805555555555556 0.1190909090909091 0.06944444444444445
0 0.19272727272727272 0.5548611111111111 0.08 0.05416666666666667
0 0.5186363636363637 0.15555555555555556 0.08454545454545455 0.058333333333333334
0 0.10045454545454545 0.49583333333333335 0.09363636363636364 0.058333333333333334
0 0.10954545454545454 0.36180555555555555 0.07 0.05138888888888889
0 0.42318181818181816 0.4270833333333333 0.07909090909090909 0.05138888888888889
0 0.4209090909090909 0.4909722222222222 0.07818181818181819 0.05416666666666667
0 0.5118181818181818 0.4909722222222222 0.08181818181818182 0.05416666666666667
0 0.18409090909090908 0.4215277777777778 0.07727272727272727 0.05138888888888889
0 0.4177272727272727 0.5576388888888889 0.09727272727272727 0.059722222222222225
0 0.7545454545454545 0.1388888888888889 0.08 0.05277777777777778
0 0.19 0.48680555555555555 0.07090909090909091 0.05138888888888889
0 0.74 0.27708333333333335 0.10181818181818182 0.05694444444444444
0 0.4213636363636364 0.7527777777777778 0.08272727272727273 0.05277777777777778
0 0.10681818181818181 0.7611111111111111 0.07545454545454545 0.05
0 0.19545454545454546 0.9027777777777778 0.08545454545454545 0.05