0 0.3936363636363636 0.2263888888888889 0.10363636363636364 0.06111111111111111
0 0.22954545454545455 0.8277777777777777 0.09909090909090909 0.06388888888888888
0 0.7245454545454545 0.7541666666666667 0.10545454545454545 0.06111111111111111
0 0.505 0.16180555555555556 0.08454545454545455 0.05694444444444444
0 0.18227272727272728 0.30277777777777776 0.07727272727272727 0.05
0 0.8577272727272728 0.81875 0.08454545454545455 0.04861111111111111
0 0.8536363636363636 0.8881944444444444 0.08181818181818182 0.05138888888888889
0 0.7322727272727273 0.61875 0.12272727272727273 0.06527777777777778
0 0.7168181818181818 0.8916666666666667 0.10272727272727272 0.05555555555555555
0 0.5 0.5583333333333333 0.09090909090909091 0.058333333333333334
0 0.18454545454545454 0.15833333333333333 0.07090909090909091 0.05555555555555555
0 0.4968181818181818 0.22916666666666666 0.08454545454545455 0.05555555555555555
0 0.4890909090909091 0.2986111111111111 0.09636363636363636 0.05277777777777778
0 0.1890909090909091 0.6291666666666667 0.09090909090909091 0.058333333333333334
0 0.09363636363636364 0.30625 0.08 0.05694444444444444
0 0.7245454545454545 0.2826388888888889 0.1 0.05694444444444444
0 0.8536363636363636 0.3597222222222222 0.09090909090909091 0.05277777777777778
0 0.8459090909090909 0.4847222222222222 0.08636363636363636 0.05555555555555555
0 0.850909090909091 0.6215277777777778 0.08363636363636363 0.05138888888888889
0 0.4081818181818182 0.3576388888888889 0.09454545454545454 0.0625
0 0.850909090909091 0.42083333333333334 0.08545454545454545 0.05277777777777778
0 0.40454545454545454 0.8881944444444444 0.0890909090909091 0.05138888888888889
0 0.8472727272727273 0.5548611111111111 0.08363636363636363 0.04861111111111111
0 0.08272727272727273 0.15138888888888888 0.11272727272727273 0.06111111111111111
0 0.40045454545454545 0.15833333333333333 0.09727272727272727 0.05555555555555555
0 0.5009090909090909 0.8208333333333333 0.12181818181818181 0.06111111111111111
0 0.5081818181818182 0.8930555555555556 0.10181818181818182 0.05555555555555555
0 0.095 0.8277777777777777 0.08272727272727273 0.058333333333333334
0 0.18227272727272728 0.6923611111111111 0.08272727272727273 0.05138888888888889
0 0.8431818181818181 0.29097222222222224 0.08272727272727273 0.05694444444444444
0 0.49954545454545457 0.49444444444444446 0.08272727272727273 0.05555555555555555
0 0.17681818181818182 0.5583333333333333 0.09363636363636364 0.05555555555555555
0 0.40636363636363637 0.5597222222222222 0.09454545454545454 0.058333333333333334
0 0.10045454545454545 0.36736111111111114 0.07 0.05138888888888889
0 0.49727272727272726 0.3590277777777778 0.08363636363636363 0.05694444444444444
0 0.18727272727272729 0.2222222222222222 0.11818181818181818 0.06666666666666667
0 0.17954545454545454 0.3659722222222222 0.08272727272727273 0.05416666666666667
0 0.09227272727272727 0.42916666666666664 0.08454545454545455 0.05555555555555555
0 0.40954545454545455 0.6243055555555556 0.07727272727272727 0.05138888888888889
0 0.4 0.43333333333333335 0.10181818181818182 0.06111111111111111
0 0.40863636363636363 0.4965277777777778 0.07545454545454545 0.05416666666666667
0 0.07772727272727273 0.7027777777777777 0.11545454545454545 0.06666666666666667
0 0.08227272727272728 0.2298611111111111 0.08636363636363636 0.059722222222222225
0 0.17909090909090908 0.49166666666666664 0.07272727272727272 0.05555555555555555
0 0.175 0.42569444444444443 0.07727272727272727 0.05416666666666667
0 0.09863636363636363 0.7631944444444444 0.07727272727272727 0.05138888888888889
0 0.7131818181818181 0.4888888888888889 0.09363636363636364 0.05277777777777778