0 0.41954545454545455 0.14791666666666667 0.0809090909090909 0.05416666666666667
0 0.7418181818181818 0.6138888888888889 0.12363636363636364 0.06388888888888888
0 0.855 0.2833333333333333 0.08454545454545455 0.05555555555555555
0 0.28363636363636363 0.71875 0.04727272727272727 0.1375
0 0.4159090909090909 0.3506944444444444 0.09545454545454546 0.0625
0 0.4177272727272727 0.8847222222222222 0.07727272727272727 0.05277777777777778
0 0.5131818181818182 0.15347222222222223 0.08454545454545455 0.05694444444444444
0 0.7263636363636363 0.8888888888888888 0.10181818181818182 0.05555555555555555
0 0.18772727272727271 0.6888888888888889 0.08272727272727273 0.05277777777777778
0 0.08681818181818182 0.14375 0.11363636363636363 0.0625
0 0.7340909090909091 0.7520833333333333 0.10636363636363637 0.0625
0 0.18954545454545454 0.15 0.07 0.05555555555555555
0 0.5168181818181818 0.8173611111111111 0.10454545454545454 0.059722222222222225
0 0.08681818181818182 0.61875 0.10272727272727272 0.07361111111111111
0 0.7345454545454545 0.4201388888888889 0.10181818181818182 0.05694444444444444
0 0.18681818181818183 0.2965277777777778 0.07909090909090909 0.05138888888888889
0 0.8640909090909091 0.8847222222222222 0.0809090909090909 0.05277777777777778
0 0.8577272727272728 0.47847222222222224 0.08636363636363636 0.05416666666666667
0 0.5072727272727273 0.35208333333333336 0.08181818181818182 0.05694444444444444
0 0.4159090909090909 0.21666666666666667 0.07545454545454545 0.06111111111111111
0 0.7318181818181818 0.34652777777777777 0.11818181818181818 0.05694444444444444
0 0.8586363636363636 0.5493055555555556 0.08454545454545455 0.05138888888888889
0 0.095 0.2986111111111111 0.07545454545454545 0.05555555555555555
0 0.08954545454545454 0.6972222222222222 0.1009090909090909 0.06666666666666667
0 0.8677272727272727 0.3506944444444444 0.08818181818181818 0.05416666666666667
0 0.5086363636363637 0.5527777777777778 0.09 0.058333333333333334
0 0.735 0.2743055555555556 0.1009090909090909 0.05694444444444444
0 0.8622727272727273 0.6173611111111111 0.08454545454545455 0.05138888888888889
0 0.41818181818181815 0.42291666666666666 0.08 0.05416666666666667
0 0.8709090909090909 0.8145833333333333 0.08 0.04583333333333333
0 0.4177272727272727 0.75 0.08272727272727273 0.05
0 0.09909090909090909 0.8298611111111112 0.08363636363636363 0.0763888888888889
0 0.5054545454545455 0.22013888888888888 0.08545454545454545 0.05416666666666667
0 0.519090909090909 0.8902777777777777 0.09454545454545454 0.05555555555555555
0 0.8627272727272727 0.4152777777777778 0.0890909090909091 0.05555555555555555
0 0.09636363636363636 0.4236111111111111 0.08545454545454545 0.05555555555555555
0 0.4127272727272727 0.5548611111111111 0.09636363636363636 0.059722222222222225
0 0.7459090909090909 0.20694444444444443 0.08636363636363636 0.06111111111111111
0 0.10363636363636364 0.3597222222222222 0.07090909090909091 0.05277777777777778
0 0.10181818181818182 0.7597222222222222 0.07454545454545454 0.05
0 0.185 0.4847222222222222 0.07363636363636364 0.05277777777777778
0 0.4159090909090909 0.48819444444444443 0.07545454545454545 0.05694444444444444
0 0.19272727272727272 0.2152777777777778 0.12 0.06944444444444445
0 0.18863636363636363 0.5472222222222223 0.07909090909090909 0.06388888888888888
0 0.18 0.41944444444444445 0.07636363636363637 0.05
0 0.41545454545454547 0.6201388888888889 0.07818181818181819 0.05138888888888889
0 0.08590909090909091 0.2222222222222222 0.08818181818181818 0.06111111111111111
0 0.7504545454545455 0.1361111111111111 0.07909090909090909 0.05555555555555555
0 0.19 0.9 0.08545454545454545 0.05
0 0.4968181818181818 0.2902777777777778 0.09727272727272727 0.05277777777777778
0 0.5068181818181818 0.4888888888888889 0.08272727272727273 0.05555555555555555
0 0.18454545454545454 0.3590277777777778 0.08181818181818182 0.05416666666666667