0 0.7454545454545455 0.6152777777777778 0.12363636363636364 0.06388888888888888
0 0.8677272727272727 0.8875 0.08272727272727273 0.05277777777777778
0 0.8590909090909091 0.2861111111111111 0.08545454545454545 0.05555555555555555
0 0.7390909090909091 0.27708333333333335 0.10181818181818182 0.05694444444444444
0 0.7495454545454545 0.20902777777777778 0.08636363636363636 0.059722222222222225
0 0.7295454545454545 0.8916666666666667 0.10272727272727272 0.05555555555555555
0 0.7281818181818182 0.34930555555555554 0.13272727272727272 0.05694444444444444
0 0.7377272727272727 0.7541666666666667 0.10636363636363637 0.06111111111111111
0 0.19318181818181818 0.15347222222222223 0.07181818181818182 0.05416666666666667
0 0.4172727272727273 0.21944444444444444 0.07272727272727272 0.06111111111111111
0 0.5109090909090909 0.8201388888888889 0.12181818181818181 0.0625
0 0.42045454545454547 0.8875 0.07727272727272727 0.05
0 0.09 0.225 0.08727272727272728 0.06111111111111111
0 0.875 0.8173611111111111 0.0809090909090909 0.04583333333333333
0 0.5004545454545455 0.2916666666666667 0.09727272727272727 0.05277777777777778
0 0.41954545454545455 0.3541666666666667 0.09545454545454546 0.06388888888888888
0 0.09045454545454545 0.14583333333333334 0.11363636363636363 0.06111111111111111
0 0.4218181818181818 0.15069444444444444 0.07818181818181819 0.05416666666666667
0 0.18954545454545454 0.6895833333333333 0.07909090909090909 0.05138888888888889
0 0.5168181818181818 0.15555555555555556 0.08454545454545455 0.058333333333333334
0 0.09318181818181819 0.6986111111111111 0.1009090909090909 0.06666666666666667
0 0.19090909090909092 0.2986111111111111 0.07818181818181819 0.05
0 0.5095454545454545 0.3541666666666667 0.08272727272727273 0.058333333333333334
0 0.5113636363636364 0.5555555555555556 0.09181818181818181 0.058333333333333334
0 0.8613636363636363 0.48055555555555557 0.08636363636363636 0.05277777777777778
0 0.8627272727272727 0.5513888888888889 0.08363636363636363 0.05
0 0.7377272727272727 0.42291666666666666 0.10272727272727272 0.05694444444444444
0 0.8695454545454545 0.35347222222222224 0.09181818181818181 0.05416666666666667
0 0.3009090909090909 0.6375 0.08545454545454545 0.11944444444444445
0 0.5186363636363637 0.8916666666666667 0.10272727272727272 0.05555555555555555
0 0.42045454545454547 0.7527777777777778 0.08272727272727273 0.05277777777777778
0 0.09909090909090909 0.30069444444444443 0.07636363636363637 0.05416666666666667
0 0.8668181818181818 0.41805555555555557 0.08818181818181818 0.05277777777777778
0 0.51 0.2222222222222222 0.08363636363636363 0.05555555555555555
0 0.19590909090909092 0.21805555555555556 0.1190909090909091 0.06944444444444445
0 0.09772727272727273 0.6291666666666667 0.08454545454545455 0.05555555555555555
0 0.51 0.4909722222222222 0.08181818181818182 0.05416666666666667
0 0.18863636363636363 0.36041666666666666 0.0809090909090909 0.05416666666666667
0 0.10272727272727272 0.8236111111111111 0.08181818181818182 0.06944444444444445
0 0.4218181818181818 0.42569444444444443 0.08 0.05138888888888889
0 0.8663636363636363 0.61875 0.08363636363636363 0.05138888888888889
0 0.41909090909090907 0.4888888888888889 0.07818181818181819 0.058333333333333334
0 0.41545454545454547 0.5576388888888889 0.09818181818181818 0.059722222222222225
0 0.10818181818181818 0.36180555555555555 0.07090909090909091 0.05138888888888889
0 0.7540909090909091 0.13819444444444445 0.07909090909090909 0.05416666666666667
0 0.1 0.425 0.08545454545454545 0.05555555555555555
0 0.41909090909090907 0.6215277777777778 0.07818181818181819 0.05138888888888889
0 0.10590909090909091 0.9041666666666667 0.08272727272727273 0.05555555555555555
0 0.19454545454545455 0.9020833333333333 0.08363636363636363 0.05138888888888889
0 0.1831818181818182 0.42083333333333334 0.07727272727272727 0.05277777777777778
0 0.18818181818181817 0.48819444444444443 0.07090909090909091 0.05416666666666667