0 0.3940909090909091 0.22569444444444445 0.10272727272727272 0.0625
0 0.8445454545454546 0.29097222222222224 0.08363636363636363 0.05416666666666667
0 0.7254545454545455 0.7548611111111111 0.10545454545454545 0.059722222222222225
0 0.1831818181818182 0.30277777777777776 0.07727272727272727 0.05
0 0.7331818181818182 0.6180555555555556 0.12272727272727273 0.06388888888888888
0 0.4090909090909091 0.3576388888888889 0.09636363636363636 0.0625
0 0.8545454545454545 0.8881944444444444 0.08181818181818182 0.05138888888888889
0 0.5063636363636363 0.16041666666666668 0.08545454545454545 0.05694444444444444
0 0.49772727272727274 0.22847222222222222 0.08454545454545455 0.05416666666666667
0 0.7181818181818181 0.8916666666666667 0.10181818181818182 0.05555555555555555
0 0.4904545454545455 0.2986111111111111 0.09727272727272727 0.05277777777777778
0 0.40136363636363637 0.15763888888888888 0.09727272727272727 0.05416666666666667
0 0.8595454545454545 0.8180555555555555 0.08272727272727273 0.04722222222222222
0 0.8540909090909091 0.3597222222222222 0.09181818181818181 0.05277777777777778
0 0.19090909090909092 0.6291666666666667 0.09090909090909091 0.058333333333333334
0 0.4122727272727273 0.8875 0.07545454545454545 0.05
0 0.09454545454545454 0.30625 0.08 0.05694444444444444
0 0.7263636363636363 0.2826388888888889 0.10181818181818182 0.05694444444444444
0 0.185 0.15833333333333333 0.07181818181818182 0.05555555555555555
0 0.8518181818181818 0.6222222222222222 0.08363636363636363 0.05277777777777778
0 0.8527272727272728 0.42083333333333334 0.08727272727272728 0.05277777777777778
0 0.8472727272727273 0.4840277777777778 0.08545454545454545 0.05416666666666667
0 0.8486363636363636 0.5548611111111111 0.08272727272727273 0.04861111111111111
0 0.5095454545454545 0.8930555555555556 0.1009090909090909 0.05555555555555555
0 0.4109090909090909 0.6243055555555556 0.07818181818181819 0.05138888888888889
0 0.5 0.49444444444444446 0.08363636363636363 0.05555555555555555
0 0.735909090909091 0.21388888888888888 0.08454545454545455 0.058333333333333334
0 0.49863636363636366 0.3590277777777778 0.08272727272727273 0.059722222222222225
0 0.1890909090909091 0.2222222222222222 0.11818181818181818 0.06666666666666667
0 0.08363636363636363 0.15208333333333332 0.11272727272727273 0.059722222222222225
0 0.08363636363636363 0.2298611111111111 0.08727272727272728 0.059722222222222225
0 0.1368181818181818 0.5298611111111111 0.2390909090909091 0.8236111111111111
0 0.74 0.14375 0.07818181818181819 0.05138888888888889