0 0.7313636363636363 0.7548611111111111 0.10636363636363637 0.0625
0 0.6536363636363637 0.47708333333333336 0.06363636363636363 0.09861111111111111
0 0.18772727272727271 0.3013888888888889 0.07909090909090909 0.05
0 0.8668181818181818 0.8180555555555555 0.0809090909090909 0.04722222222222222
0 0.8604545454545455 0.8888888888888888 0.0809090909090909 0.05277777777777778
0 0.215 0.6326388888888889 0.11 0.05694444444444444
0 0.41409090909090907 0.2222222222222222 0.07181818181818182 0.06111111111111111
0 0.7236363636363636 0.8923611111111112 0.10181818181818182 0.05416666666666667
0 0.5068181818181818 0.8208333333333333 0.12272727272727273 0.06111111111111111
0 0.8522727272727273 0.28958333333333336 0.08454545454545455 0.05694444444444444
0 0.7131818181818181 0.1451388888888889 0.14636363636363636 0.05694444444444444
0 0.4109090909090909 0.8881944444444444 0.0890909090909091 0.05138888888888889
0 0.5127272727272727 0.1597222222222222 0.08727272727272728 0.05555555555555555
0 0.8618181818181818 0.3590277777777778 0.09272727272727273 0.05416666666666667
0 0.7395454545454545 0.6305555555555555 0.12272727272727273 0.08888888888888889
0 0.509090909090909 0.5583333333333333 0.08545454545454545 0.058333333333333334
0 0.8536363636363636 0.4840277777777778 0.08545454545454545 0.05416666666666667
0 0.18863636363636363 0.6916666666666667 0.08272727272727273 0.05277777777777778
0 0.7440909090909091 0.42569444444444443 0.07727272727272727 0.05416666666666667
0 0.41409090909090907 0.15555555555555556 0.07 0.05277777777777778
0 0.41454545454545455 0.35694444444444445 0.09636363636363636 0.06388888888888888
0 0.08818181818181818 0.15 0.11272727272727273 0.06111111111111111
0 0.19045454545454546 0.15625 0.07 0.05416666666666667
0 0.8590909090909091 0.6215277777777778 0.08363636363636363 0.05138888888888889
0 0.8554545454545455 0.5548611111111111 0.08363636363636363 0.04861111111111111
0 0.09863636363636363 0.30486111111111114 0.07909090909090909 0.05694444444444444
0 0.28136363636363637 0.8291666666666667 0.08454545454545455 0.11388888888888889
0 0.4077272727272727 0.43472222222222223 0.1009090909090909 0.06388888888888888
0 0.4118181818181818 0.5597222222222222 0.09818181818181818 0.06111111111111111
0 0.8613636363636363 0.42083333333333334 0.09 0.05277777777777778
0 0.09090909090909091 0.7 0.1 0.06388888888888888
0 0.5036363636363637 0.22777777777777777 0.08363636363636363 0.05555555555555555
0 0.49636363636363634 0.2972222222222222 0.09636363636363636 0.05277777777777778
0 0.7463636363636363 0.3527777777777778 0.08 0.05555555555555555
0 0.5054545454545455 0.4930555555555556 0.08181818181818182 0.05555555555555555
0 0.5145454545454545 0.8930555555555556 0.10181818181818182 0.05555555555555555
0 0.5054545454545455 0.3576388888888889 0.08181818181818182 0.05694444444444444
0 0.10545454545454545 0.3645833333333333 0.06909090909090909 0.05138888888888889
0 0.4122727272727273 0.49444444444444446 0.08454545454545455 0.05277777777777778
0 0.4172727272727273 0.7527777777777778 0.08181818181818182 0.05
0 0.7331818181818182 0.28194444444444444 0.1009090909090909 0.05555555555555555
0 0.7427272727272727 0.21319444444444444 0.08545454545454545 0.059722222222222225
0 0.18772727272727271 0.55625 0.08272727272727273 0.05416666666666667
0 0.415 0.6236111111111111 0.07727272727272727 0.05
0 0.09636363636363636 0.63125 0.08545454545454545 0.05416666666666667
0 0.18045454545454545 0.42430555555555555 0.07727272727272727 0.05138888888888889
0 0.18409090909090908 0.4895833333333333 0.07545454545454545 0.05416666666666667
0 0.185 0.36319444444444443 0.08272727272727273 0.05416666666666667
0 0.19318181818181818 0.22152777777777777 0.1190909090909091 0.06805555555555555
0 0.7472727272727273 0.14305555555555555 0.07818181818181819 0.05277777777777778
0 0.0890909090909091 0.22777777777777777 0.0890909090909091 0.06111111111111111
0 0.09772727272727273 0.42777777777777776 0.08454545454545455 0.05555555555555555