0 0.8563636363636363 0.28402777777777777 0.08545454545454545 0.05694444444444444
0 0.7431818181818182 0.6152777777777778 0.12454545454545454 0.06388888888888888
0 0.2863636363636364 0.6833333333333333 0.06363636363636363 0.1361111111111111
0 0.4168181818181818 0.3527777777777778 0.09545454545454546 0.06388888888888888
0 0.42045454545454547 0.1486111111111111 0.0809090909090909 0.05555555555555555
0 0.08772727272727272 0.14444444444444443 0.11363636363636363 0.06111111111111111
0 0.19 0.15069444444444444 0.07090909090909091 0.05416666666666667
0 0.18818181818181817 0.2965277777777778 0.07818181818181819 0.05138888888888889
0 0.7277272727272728 0.8909722222222223 0.10272727272727272 0.05416666666666667
0 0.7354545454545455 0.7527777777777778 0.10727272727272727 0.06111111111111111
0 0.5145454545454545 0.15416666666666667 0.08545454545454545 0.058333333333333334
0 0.09 0.6201388888888889 0.09818181818181818 0.07361111111111111
0 0.5077272727272727 0.3527777777777778 0.08272727272727273 0.058333333333333334
0 0.8654545454545455 0.8861111111111111 0.08181818181818182 0.05277777777777778
0 0.18818181818181817 0.6888888888888889 0.08181818181818182 0.05277777777777778
0 0.5095454545454545 0.5534722222222223 0.09 0.059722222222222225
0 0.4168181818181818 0.8854166666666666 0.0809090909090909 0.05138888888888889
0 0.8586363636363636 0.47847222222222224 0.08818181818181818 0.05416666666666667
0 0.49818181818181817 0.2902777777777778 0.09818181818181818 0.05277777777777778
0 0.41818181818181815 0.21736111111111112 0.07818181818181819 0.0625
0 0.08954545454545454 0.6979166666666666 0.10272727272727272 0.06527777777777778
0 0.8668181818181818 0.3506944444444444 0.09363636363636364 0.05694444444444444
0 0.8595454545454545 0.5493055555555556 0.08454545454545455 0.05138888888888889
0 0.8636363636363636 0.41597222222222224 0.08727272727272728 0.05416666666666667
0 0.09727272727272727 0.42430555555555555 0.08545454545454545 0.05694444444444444
0 0.41863636363636364 0.42430555555555555 0.0809090909090909 0.05416666666666667
0 0.0959090909090909 0.3 0.07545454545454545 0.05555555555555555
0 0.19318181818181818 0.21666666666666667 0.12090909090909091 0.06944444444444445
0 0.1859090909090909 0.3590277777777778 0.08272727272727273 0.05416666666666667
0 0.5168181818181818 0.8902777777777777 0.10272727272727272 0.05555555555555555
0 0.8713636363636363 0.8159722222222222 0.0809090909090909 0.04583333333333333
0 0.08772727272727272 0.22291666666666668 0.08818181818181818 0.059722222222222225
0 0.509090909090909 0.81875 0.12363636363636364 0.059722222222222225
0 0.09136363636363637 0.49444444444444446 0.08272727272727273 0.06111111111111111
0 0.8636363636363636 0.61875 0.08363636363636363 0.05138888888888889
0 0.10545454545454545 0.36041666666666666 0.06909090909090909 0.05138888888888889
0 0.7468181818181818 0.20694444444444443 0.08636363636363636 0.06111111111111111
0 0.7363636363636363 0.27569444444444446 0.10181818181818182 0.05694444444444444
0 0.41545454545454547 0.48680555555555555 0.08 0.059722222222222225
0 0.1 0.8236111111111111 0.08363636363636363 0.07222222222222222
0 0.5063636363636363 0.22083333333333333 0.08545454545454545 0.05555555555555555
0 0.41363636363636364 0.5555555555555556 0.09818181818181818 0.06111111111111111
0 0.4168181818181818 0.6201388888888889 0.07727272727272727 0.05138888888888889
0 0.18636363636363637 0.5527777777777778 0.08727272727272728 0.05555555555555555
0 0.41909090909090907 0.75 0.08181818181818182 0.05
0 0.735 0.42083333333333334 0.1009090909090909 0.05555555555555555
0 0.10227272727272728 0.7597222222222222 0.07545454545454545 0.05
0 0.18454545454545454 0.48541666666666666 0.07454545454545454 0.05138888888888889
0 0.18045454545454545 0.4201388888888889 0.07727272727272727 0.05138888888888889
0 0.19318181818181818 0.9 0.08272727272727273 0.05
0 0.5072727272727273 0.4888888888888889 0.08363636363636363 0.05555555555555555
0 0.7513636363636363 0.13680555555555557 0.07909090909090909 0.05416666666666667