0 0.8440909090909091 0.2923611111111111 0.08272727272727273 0.05416666666666667
0 0.2609090909090909 0.8270833333333333 0.08363636363636363 0.08194444444444444
0 0.39590909090909093 0.22777777777777777 0.10636363636363637 0.06388888888888888
0 0.45136363636363636 0.3597222222222222 0.17727272727272728 0.06111111111111111
0 0.725 0.7555555555555555 0.10636363636363637 0.06111111111111111
0 0.8540909090909091 0.8895833333333333 0.0809090909090909 0.05138888888888889
0 0.5063636363636363 0.1625 0.08545454545454545 0.058333333333333334
0 0.18363636363636363 0.3034722222222222 0.07818181818181819 0.04861111111111111
0 0.4904545454545455 0.29930555555555555 0.09727272727272727 0.05138888888888889
0 0.7177272727272728 0.8930555555555556 0.1009090909090909 0.05555555555555555
0 0.8581818181818182 0.8194444444444444 0.08545454545454545 0.04722222222222222
0 0.725909090909091 0.28402777777777777 0.1009090909090909 0.05694444444444444
0 0.8545454545454545 0.3611111111111111 0.09090909090909091 0.05277777777777778
0 0.4990909090909091 0.2298611111111111 0.08181818181818182 0.05416666666666667
0 0.5031818181818182 0.5590277777777778 0.08636363636363636 0.05694444444444444
0 0.19272727272727272 0.6305555555555555 0.0890909090909091 0.058333333333333334
0 0.08272727272727273 0.23055555555555557 0.08727272727272728 0.058333333333333334
0 0.8518181818181818 0.6229166666666667 0.08363636363636363 0.05138888888888889
0 0.8463636363636363 0.4861111111111111 0.08545454545454545 0.05555555555555555
0 0.09636363636363636 0.8291666666666667 0.08181818181818182 0.058333333333333334
0 0.185 0.15902777777777777 0.07 0.05416666666666667
0 0.4077272727272727 0.8881944444444444 0.08272727272727273 0.05138888888888889
0 0.4072727272727273 0.15833333333333333 0.06909090909090909 0.05277777777777778
0 0.8522727272727273 0.4222222222222222 0.08636363636363636 0.05277777777777778
0 0.09318181818181819 0.30694444444444446 0.07727272727272727 0.05555555555555555
0 0.40136363636363637 0.43333333333333335 0.1009090909090909 0.05555555555555555
0 0.5095454545454545 0.89375 0.1009090909090909 0.05694444444444444
0 0.8481818181818181 0.55625 0.08181818181818182 0.04861111111111111
0 0.5040909090909091 0.8215277777777777 0.11727272727272728 0.059722222222222225
0 0.41045454545454546 0.625 0.07727272727272727 0.05
0 0.1890909090909091 0.22361111111111112 0.11818181818181818 0.06666666666666667
0 0.18454545454545454 0.69375 0.08181818181818182 0.05138888888888889
0 0.1809090909090909 0.36666666666666664 0.08181818181818182 0.05555555555555555
0 0.17772727272727273 0.5576388888888889 0.09181818181818181 0.05694444444444444
0 0.08363636363636363 0.1527777777777778 0.11272727272727273 0.06111111111111111
0 0.4113636363636364 0.7555555555555555 0.0809090909090909 0.05
0 0.7136363636363636 0.4895833333333333 0.0890909090909091 0.05138888888888889
0 0.7304545454545455 0.35555555555555557 0.10272727272727272 0.05555555555555555
0 0.7218181818181818 0.21666666666666667 0.11272727272727273 0.06111111111111111