0 0.4177272727272727 0.14791666666666667 0.0809090909090909 0.05416666666666667
0 0.8536363636363636 0.2847222222222222 0.08545454545454545 0.05555555555555555
0 0.74 0.6138888888888889 0.12363636363636364 0.06388888888888888
0 0.41409090909090907 0.35208333333333336 0.09545454545454546 0.0625
0 0.18818181818181817 0.15 0.07090909090909091 0.05555555555555555
0 0.18681818181818183 0.6888888888888889 0.08272727272727273 0.05277777777777778
0 0.7313636363636363 0.7520833333333333 0.10636363636363637 0.059722222222222225
0 0.41545454545454547 0.8854166666666666 0.07636363636363637 0.05138888888888889
0 0.5118181818181818 0.15416666666666667 0.08545454545454545 0.058333333333333334
0 0.18409090909090908 0.2965277777777778 0.0809090909090909 0.05138888888888889
0 0.8618181818181818 0.8868055555555555 0.08181818181818182 0.05138888888888889
0 0.08545454545454545 0.14375 0.11272727272727273 0.0625
0 0.7240909090909091 0.8902777777777777 0.10272727272727272 0.05555555555555555
0 0.7440909090909091 0.2076388888888889 0.08636363636363636 0.059722222222222225
0 0.8695454545454545 0.8152777777777778 0.07909090909090909 0.04722222222222222
0 0.8554545454545455 0.4791666666666667 0.08545454545454545 0.05277777777777778
0 0.4163636363636364 0.21736111111111112 0.08 0.0625
0 0.5040909090909091 0.35208333333333336 0.08272727272727273 0.05694444444444444
0 0.4954545454545455 0.2902777777777778 0.09636363636363636 0.05277777777777778
0 0.8568181818181818 0.55 0.08454545454545455 0.05
0 0.5059090909090909 0.5541666666666667 0.09181818181818181 0.058333333333333334
0 0.19136363636363637 0.2152777777777778 0.1190909090909091 0.06944444444444445
0 0.8604545454545455 0.61875 0.08454545454545455 0.05138888888888889
0 0.09272727272727273 0.29930555555555555 0.07272727272727272 0.05416666666666667
0 0.7331818181818182 0.275 0.1009090909090909 0.058333333333333334
0 0.4163636363636364 0.4236111111111111 0.08 0.05277777777777778
0 0.8663636363636363 0.35208333333333336 0.08727272727272728 0.05138888888888889
0 0.5154545454545455 0.8180555555555555 0.10363636363636364 0.06111111111111111
0 0.8613636363636363 0.4166666666666667 0.09 0.05555555555555555
0 0.1831818181818182 0.3590277777777778 0.08272727272727273 0.05416666666666667
0 0.09772727272727273 0.8305555555555556 0.0809090909090909 0.06944444444444445
0 0.7295454545454545 0.34791666666666665 0.11181818181818182 0.05694444444444444
0 0.285 0.8118055555555556 0.03909090909090909 0.13472222222222222
0 0.095 0.4236111111111111 0.08636363636363636 0.05555555555555555
0 0.08727272727272728 0.6979166666666666 0.10181818181818182 0.06527777777777778
0 0.4109090909090909 0.5555555555555556 0.09636363636363636 0.058333333333333334
0 0.4159090909090909 0.7493055555555556 0.08272727272727273 0.04861111111111111
0 0.5040909090909091 0.22152777777777777 0.08454545454545455 0.05416666666666667
0 0.7477272727272727 0.13680555555555557 0.0809090909090909 0.05416666666666667
0 0.4131818181818182 0.4875 0.07909090909090909 0.058333333333333334
0 0.08545454545454545 0.2222222222222222 0.0890909090909091 0.058333333333333334
0 0.10272727272727272 0.36041666666666666 0.07090909090909091 0.05138888888888889
0 0.1 0.7604166666666666 0.07454545454545454 0.05138888888888889
0 0.5136363636363637 0.8902777777777777 0.10181818181818182 0.05555555555555555
0 0.5040909090909091 0.4888888888888889 0.08454545454545455 0.05555555555555555
0 0.41409090909090907 0.6201388888888889 0.07909090909090909 0.05138888888888889
0 0.1809090909090909 0.5527777777777778 0.09090909090909091 0.05555555555555555
0 0.18272727272727274 0.48541666666666666 0.07272727272727272 0.05138888888888889
0 0.1009090909090909 0.9034722222222222 0.08363636363636363 0.05694444444444444
0 0.18863636363636363 0.9 0.08454545454545455 0.05
0 0.1781818181818182 0.41875 0.07818181818181819 0.05138888888888889
0 0.7440727272727273 0.41686111111111107 0.06798181818181818 0.057972222222222224