0 0.7459090909090909 0.6145833333333334 0.12454545454545454 0.0625
0 0.8590909090909091 0.2861111111111111 0.08545454545454545 0.05555555555555555
0 0.295 0.6270833333333333 0.11 0.10416666666666667
0 0.41818181818181815 0.22083333333333333 0.07272727272727272 0.058333333333333334
0 0.8681818181818182 0.8875 0.08181818181818182 0.05277777777777778
0 0.7304545454545455 0.8909722222222223 0.10272727272727272 0.05694444444444444
0 0.19363636363636363 0.15347222222222223 0.07090909090909091 0.05416666666666667
0 0.7381818181818182 0.7541666666666667 0.10727272727272727 0.06111111111111111
0 0.19227272727272726 0.29930555555555555 0.07727272727272727 0.05138888888888889
0 0.7395454545454545 0.27708333333333335 0.10272727272727272 0.05694444444444444
0 0.75 0.20972222222222223 0.08727272727272728 0.058333333333333334
0 0.8745454545454545 0.8173611111111111 0.08181818181818182 0.04583333333333333
0 0.5177272727272727 0.15694444444444444 0.08454545454545455 0.058333333333333334
0 0.41545454545454547 0.8868055555555555 0.09090909090909091 0.05138888888888889
0 0.19136363636363637 0.6902777777777778 0.08454545454545455 0.05277777777777778
0 0.1009090909090909 0.3020833333333333 0.07818181818181819 0.05416666666666667
0 0.8690909090909091 0.3548611111111111 0.09272727272727273 0.05416666666666667
0 0.5213636363636364 0.8201388888888889 0.10454545454545454 0.059722222222222225
0 0.42 0.3548611111111111 0.09636363636363636 0.0625
0 0.09136363636363637 0.14722222222222223 0.11363636363636363 0.06111111111111111
0 0.5109090909090909 0.22361111111111112 0.08363636363636363 0.05555555555555555
0 0.5163636363636364 0.55625 0.08363636363636363 0.05694444444444444
0 0.8613636363636363 0.48055555555555557 0.08636363636363636 0.05277777777777778
0 0.5018181818181818 0.29305555555555557 0.09818181818181818 0.05277777777777778
0 0.09409090909090909 0.6993055555555555 0.1009090909090909 0.06527777777777778
0 0.52 0.8923611111111112 0.10181818181818182 0.05694444444444444
0 0.8631818181818182 0.5513888888888889 0.08272727272727273 0.05
0 0.4213636363636364 0.15069444444444444 0.07727272727272727 0.05416666666666667
0 0.7386363636363636 0.42291666666666666 0.10272727272727272 0.05694444444444444
0 0.09045454545454545 0.22569444444444445 0.08818181818181818 0.059722222222222225
0 0.8663636363636363 0.41805555555555557 0.08727272727272728 0.05277777777777778
0 0.10136363636363636 0.42569444444444443 0.08636363636363636 0.05694444444444444
0 0.19772727272727272 0.21805555555555556 0.1190909090909091 0.06944444444444445
0 0.5104545454545455 0.3548611111111111 0.08272727272727273 0.05694444444444444
0 0.4168181818181818 0.5576388888888889 0.09727272727272727 0.059722222222222225
0 0.1 0.6291666666666667 0.08545454545454545 0.05555555555555555
0 0.1890909090909091 0.36180555555555555 0.08181818181818182 0.05416666666666667
0 0.42318181818181816 0.4263888888888889 0.07909090909090909 0.05277777777777778
0 0.42 0.49027777777777776 0.07818181818181819 0.058333333333333334
0 0.1040909090909091 0.8263888888888888 0.08272727272727273 0.06666666666666667
0 0.10045454545454545 0.4965277777777778 0.09363636363636364 0.059722222222222225
0 0.10954545454545454 0.3625 0.07 0.05277777777777778
0 0.42045454545454547 0.6222222222222222 0.07909090909090909 0.05277777777777778
0 0.5104545454545455 0.49027777777777776 0.08272727272727273 0.05555555555555555
0 0.18772727272727271 0.5555555555555556 0.09 0.05555555555555555
0 0.18454545454545454 0.4215277777777778 0.07636363636363637 0.05138888888888889
0 0.19 0.4875 0.07090909090909091 0.05277777777777778
0 0.8663636363636363 0.6201388888888889 0.08363636363636363 0.05138888888888889