0 0.7281818181818182 0.7555555555555555 0.10545454545454545 0.06111111111111111
0 0.8481818181818181 0.2916666666666667 0.08363636363636363 0.05555555555555555
0 0.8572727272727273 0.8888888888888888 0.08 0.05277777777777778
0 0.5081818181818182 0.16180555555555556 0.08545454545454545 0.05694444444444444
0 0.725 0.21597222222222223 0.11363636363636363 0.059722222222222225
0 0.185 0.30277777777777776 0.07909090909090909 0.05
0 0.7209090909090909 0.8930555555555556 0.10181818181818182 0.05555555555555555
0 0.8631818181818182 0.8194444444444444 0.0809090909090909 0.04722222222222222
0 0.6545454545454545 0.4888888888888889 0.08545454545454545 0.09166666666666666
0 0.08590909090909091 0.15138888888888888 0.11363636363636363 0.06111111111111111
0 0.4072727272727273 0.8881944444444444 0.0890909090909091 0.05138888888888889
0 0.08545454545454545 0.22916666666666666 0.0890909090909091 0.06111111111111111
0 0.28 0.8180555555555555 0.09090909090909091 0.10277777777777777
0 0.18772727272727271 0.15763888888888888 0.07 0.05416666666666667
0 0.8577272727272728 0.36041666666666666 0.09181818181818181 0.05416666666666667
0 0.5013636363636363 0.22847222222222222 0.08272727272727273 0.05416666666666667
0 0.49363636363636365 0.29791666666666666 0.09636363636363636 0.05416666666666667
0 0.5054545454545455 0.5590277777777778 0.08727272727272728 0.05694444444444444
0 0.4131818181818182 0.15555555555555556 0.07545454545454545 0.05277777777777778
0 0.8545454545454545 0.6229166666666667 0.08363636363636363 0.05416666666666667
0 0.4122727272727273 0.35833333333333334 0.09363636363636364 0.06111111111111111
0 0.8504545454545455 0.48541666666666666 0.08454545454545455 0.05416666666666667
0 0.855 0.4215277777777778 0.08636363636363636 0.05416666666666667
0 0.5118181818181818 0.8930555555555556 0.09818181818181818 0.05555555555555555
0 0.5040909090909091 0.8208333333333333 0.12272727272727273 0.06111111111111111
0 0.8513636363636363 0.55625 0.08272727272727273 0.04861111111111111
0 0.19090909090909092 0.2222222222222222 0.11818181818181818 0.06666666666666667
0 0.5013636363636363 0.3590277777777778 0.08272727272727273 0.05694444444444444
0 0.095 0.3055555555555556 0.07545454545454545 0.05555555555555555
0 0.7290909090909091 0.2833333333333333 0.1 0.05555555555555555
0 0.4109090909090909 0.22430555555555556 0.07454545454545454 0.0625
0 0.095 0.4979166666666667 0.09363636363636364 0.059722222222222225
0 0.40454545454545454 0.43125 0.1 0.05416666666666667
0 0.4090909090909091 0.5597222222222222 0.09636363636363636 0.06111111111111111
0 0.10318181818181818 0.36666666666666664 0.07 0.05277777777777778
0 0.08818181818181818 0.7013888888888888 0.1 0.06388888888888888
0 0.18272727272727274 0.36527777777777776 0.08181818181818182 0.05555555555555555
0 0.41363636363636364 0.7534722222222222 0.08181818181818182 0.05138888888888889
0 0.4131818181818182 0.6243055555555556 0.07727272727272727 0.05138888888888889
0 0.09545454545454546 0.4284722222222222 0.08363636363636363 0.05416666666666667
0 0.4131818181818182 0.4965277777777778 0.07545454545454545 0.05416666666666667
0 0.09409090909090909 0.63125 0.08454545454545455 0.05416666666666667
0 0.18227272727272728 0.49027777777777776 0.07181818181818182 0.05277777777777778
0 0.18045454545454545 0.5576388888888889 0.09181818181818181 0.05694444444444444
0 0.18636363636363637 0.6923611111111111 0.08181818181818182 0.05138888888888889
0 0.1009090909090909 0.7625 0.07454545454545454 0.05
0 0.17909090909090908 0.42569444444444443 0.07636363636363637 0.05138888888888889
0 0.5022727272727273 0.49444444444444446 0.08272727272727273 0.05555555555555555
0 0.735909090909091 0.6194444444444445 0.12272727272727273 0.06111111111111111