0 0.7286363636363636 0.7555555555555555 0.10636363636363637 0.06111111111111111
0 0.6504545454545455 0.47638888888888886 0.06454545454545454 0.09722222222222222
0 0.4109090909090909 0.22361111111111112 0.07272727272727272 0.06111111111111111
0 0.8577272727272728 0.8888888888888888 0.0809090909090909 0.05277777777777778
0 0.5086363636363637 0.16111111111111112 0.08636363636363636 0.05555555555555555
0 0.185 0.3020833333333333 0.07909090909090909 0.04861111111111111
0 0.8481818181818181 0.29097222222222224 0.08363636363636363 0.05416666666666667
0 0.4122727272727273 0.3576388888888889 0.09363636363636364 0.0625
0 0.415 0.15625 0.07909090909090909 0.05416666666666667
0 0.7209090909090909 0.8930555555555556 0.10181818181818182 0.05555555555555555
0 0.8618181818181818 0.81875 0.08363636363636363 0.04861111111111111
0 0.7404545454545455 0.42569444444444443 0.07727272727272727 0.05416666666666667
0 0.41363636363636364 0.8875 0.07636363636363637 0.05
0 0.5063636363636363 0.5590277777777778 0.08545454545454545 0.05694444444444444
0 0.5022727272727273 0.3590277777777778 0.0809090909090909 0.05694444444444444
0 0.20227272727272727 0.6319444444444444 0.11 0.05555555555555555
0 0.18818181818181817 0.15694444444444444 0.07090909090909091 0.05277777777777778
0 0.850909090909091 0.48541666666666666 0.08545454545454545 0.05416666666666667
0 0.745 0.35208333333333336 0.07727272727272727 0.05416666666666667
0 0.4940909090909091 0.29791666666666666 0.09545454545454546 0.05138888888888889
0 0.08636363636363636 0.15069444444444444 0.11272727272727273 0.059722222222222225
0 0.5022727272727273 0.22847222222222222 0.08272727272727273 0.05416666666666667
0 0.8581818181818182 0.3597222222222222 0.09272727272727273 0.05277777777777778
0 0.28454545454545455 0.8138888888888889 0.09090909090909091 0.10555555555555556
0 0.8545454545454545 0.6222222222222222 0.08363636363636363 0.05277777777777778
0 0.8554545454545455 0.4215277777777778 0.08727272727272728 0.05416666666666667
0 0.08545454545454545 0.22916666666666666 0.0890909090909091 0.06111111111111111
0 0.5118181818181818 0.8930555555555556 0.09818181818181818 0.05555555555555555
0 0.4090909090909091 0.5597222222222222 0.09818181818181818 0.06111111111111111
0 0.08818181818181818 0.7006944444444444 0.1 0.06527777777777778
0 0.09454545454545454 0.30486111111111114 0.07454545454545454 0.05694444444444444
0 0.8518181818181818 0.5555555555555556 0.08363636363636363 0.05
0 0.18681818181818183 0.6916666666666667 0.0809090909090909 0.05277777777777778
0 0.5036363636363637 0.8208333333333333 0.12181818181818181 0.06111111111111111
0 0.10318181818181818 0.3659722222222222 0.07 0.05138888888888889
0 0.41363636363636364 0.49722222222222223 0.07454545454545454 0.05555555555555555
0 0.18272727272727274 0.3645833333333333 0.08181818181818182 0.05416666666666667
0 0.09818181818181818 0.8263888888888888 0.08181818181818182 0.058333333333333334
0 0.19136363636363637 0.2222222222222222 0.11727272727272728 0.06666666666666667
0 0.5031818181818182 0.49375 0.0809090909090909 0.05416666666666667
0 0.41409090909090907 0.7534722222222222 0.0809090909090909 0.05138888888888889
0 0.725909090909091 0.2152777777777778 0.11363636363636363 0.06111111111111111
0 0.18 0.5569444444444445 0.09272727272727273 0.05555555555555555
0 0.4127272727272727 0.6243055555555556 0.07818181818181819 0.05138888888888889
0 0.7290909090909091 0.28194444444444444 0.1 0.05555555555555555
0 0.09545454545454546 0.4284722222222222 0.08545454545454545 0.05416666666666667
0 0.18272727272727274 0.49027777777777776 0.07272727272727272 0.05277777777777778
0 0.1009090909090909 0.7625 0.07454545454545454 0.05
0 0.17909090909090908 0.42430555555555555 0.07454545454545454 0.05138888888888889
0 0.7431818181818182 0.1451388888888889 0.07909090909090909 0.05416666666666667
0 0.415 0.42916666666666664 0.07909090909090909 0.05
0 0.735909090909091 0.61875 0.12272727272727273 0.0625