0 0.16032653061224492 0.28657142857142853 0.048 0.14375510204081632
0 0.34165986394557823 0.28616326530612246 0.05310204081632653 0.15763265306122448
0 0.3889931972789116 0.2859591836734694 0.05635374149659864 0.15477551020408165
0 0.43510204081632653 0.2849387755102041 0.05334693877551021 0.15681632653061225
0 0.6148027210884354 0.2937142857142857 0.05300680272108844 0.14906122448979592
0 0.6607891156462585 0.2957551020408163 0.061156462585034016 0.1580408163265306
0 0.7524625850340135 0.2918775510204082 0.06493877551020408 0.14620408163265305
0 0.8407482993197279 0.29085714285714287 0.06463945578231292 0.14824489795918366
0 0.9317551020408164 0.29616326530612247 0.0697687074829932 0.15069387755102043
0 0.31717006802721087 0.5860612244897959 0.05420408163265306 0.1713265306122449
0 0.366 0.5850408163265306 0.05663945578231293 0.1733673469387755
0 0.21051700680272106 0.7464285714285714 0.058585034013605444 0.1736734693877551
0 0.26058503401360544 0.7413265306122448 0.06074829931972789 0.16755102040816325
0 0.3621904761904762 0.7464285714285714 0.059904761904761905 0.18020408163265306
0 0.5135918367346939 0.5891224489795919 0.06610884353741497 0.16520408163265307
0 0.6086802721088436 0.5887346938775511 0.06307482993197279 0.15622448979591835
0 0.6122176870748299 0.7403061224489796 0.06470748299319729 0.16959183673469386
0 0.7633469387755101 0.7472448979591836 0.06493877551020408 0.1753061224489796
0 0.8510884353741496 0.5897346938775511 0.074421768707483 0.17051020408163264
0 0.8652380952380953 0.7468367346938776 0.07006802721088436 0.1826530612244898
0 0.9478095238095238 0.5897346938775511 0.07466666666666667 0.17051020408163264