0 0.026794520547945205 0.20232989690721648 0.05357534246575343 0.16878350515463916
0 0.0776027397260274 0.20356701030927835 0.061506849315068494 0.17950515463917527
0 0.1290958904109589 0.19903092783505155 0.06367123287671232 0.17868041237113402
0 0.23278082191780822 0.20109278350515464 0.07323287671232877 0.17455670103092782
0 0.3398904109589041 0.19944329896907217 0.06278082191780822 0.1712577319587629
0 0.6031232876712328 0.1973814432989691 0.06872602739726028 0.17538144329896907
0 0.6557260273972603 0.19449484536082473 0.06431506849315069 0.1778556701030928
0 0.7105068493150685 0.36022680412371133 0.0643013698630137 0.17940206185567012
0 0.28591780821917806 0.3657938144329897 0.06991780821917808 0.17816494845360825
0 0.18457534246575344 0.36249484536082477 0.06447945205479452 0.17156701030927834
0 0.18320547945205481 0.7075463917525774 0.06721917808219179 0.17713402061855668
0 0.23634246575342466 0.7048659793814434 0.06391780821917807 0.17589690721649484
0 0.34400000000000003 0.7032164948453609 0.06552054794520548 0.18909278350515463
0 0.4491780821917808 0.7067216494845361 0.06767123287671233 0.19197938144329896
0 0.4984931506849315 0.7005360824742268 0.06765753424657535 0.1878556701030928
0 0.6091506849315068 0.7063092783505155 0.06980821917808219 0.18290721649484534
0 0.713109589041096 0.7036288659793815 0.07224657534246576 0.1816701030927835
0 0.9638356164383562 0.1998556701030928 0.07232876712328767 0.16383505154639175