0 0.9229958960328318 0.867225 0.05455540355677155 0.04958333333333333
0 0.2024076607387141 0.09017499999999999 0.09291381668946648 0.037774999999999996
0 0.2882626538987688 0.11791666666666667 0.09625170998632011 0.03045833333333333
0 0.2021887824897401 0.14354999999999998 0.08827633378932968 0.03044166666666667
0 0.20355677154582766 0.22089999999999999 0.09733242134062928 0.02745
0 0.2951983584131327 0.22141666666666665 0.09751025991792066 0.028475
0 0.28835841313269495 0.2730666666666667 0.10276333789329686 0.031775000000000005
0 0.567906976744186 0.08934166666666667 0.09573187414500685 0.027141666666666668
0 0.48079343365253074 0.11695833333333333 0.08986320109439125 0.032375
0 0.5662243502051983 0.11631666666666668 0.09236662106703146 0.03365833333333333
0 0.4810123119015048 0.19488333333333335 0.09450068399452805 0.03438333333333333
0 0.5651709986320109 0.19661666666666666 0.09447332421340629 0.033999999999999996
0 0.7577154582763338 0.06524166666666667 0.09651162790697675 0.030233333333333334
0 0.8439808481532148 0.04091666666666667 0.09227086183310534 0.031575
0 0.8438850889192886 0.0645 0.09415868673050615 0.032591666666666665
0 0.7568673050615595 0.09205833333333334 0.09481532147742819 0.03385833333333334
0 0.8453488372093024 0.11955 0.10131326949384405 0.03115
0 0.7574008207934336 0.14370833333333333 0.09377564979480164 0.03203333333333333
0 0.7578112175102599 0.16818333333333332 0.09461012311901504 0.032275
0 0.8458823529411765 0.16985 0.10025991792065664 0.033041666666666664
0 0.8463064295485636 0.195525 0.0926812585499316 0.0331
0 0.7598221614227085 0.22263333333333335 0.09229822161422709 0.032183333333333335
0 0.8447195622435021 0.22288333333333332 0.09584131326949384 0.0327
0 0.7601367989056087 0.24865 0.09503419972640219 0.030375000000000003
0 0.8476744186046511 0.24890833333333334 0.1017373461012312 0.030891666666666668
0 0.4820519835841313 0.2992916666666666 0.09239398084815323 0.03166666666666667
0 0.2022982216142271 0.29871666666666663 0.0948016415868673 0.03179166666666666
0 0.7615047879616963 0.30121666666666663 0.09566347469220247 0.030899999999999997
0 0.8480848153214775 0.29820833333333335 0.1025718194254446 0.0359
0 0.8458823529411765 0.32505833333333334 0.0918467852257182 0.02934166666666667
0 0.5695896032831738 0.32544166666666663 0.09909712722298221 0.032675
0 0.2024076607387141 0.35218333333333335 0.09291381668946648 0.0336
0 0.28804377564979483 0.37871666666666665 0.10002735978112176 0.03178333333333334
0 0.2909986320109439 0.40575833333333333 0.09414500683994527 0.033049999999999996
0 0.481641586867305 0.4029333333333333 0.09154582763337893 0.03254166666666666
0 0.7596032831737346 0.4046666666666667 0.0960875512995896 0.03215833333333334
0 0.8468262653898768 0.35225 0.0916279069767442 0.03244166666666667
0 0.8455677154582764 0.37800833333333334 0.08911080711354309 0.03525
0 0.8503009575923394 0.406075 0.09647058823529411 0.03240833333333333
0 0.7597127222982216 0.43106666666666665 0.0941860465116279 0.033675
0 0.7642407660738714 0.4576666666666667 0.08850889192886457 0.03174166666666667
0 0.8473597811217509 0.45804999999999996 0.09057455540355676 0.030966666666666663
0 0.4801641586867305 0.43113333333333337 0.09281805745554035 0.032525
0 0.48227086183310536 0.45683333333333337 0.10543091655266756 0.031358333333333335
0 0.2897264021887825 0.45824166666666666 0.09666210670314637 0.031608333333333336
0 0.20030095759233923 0.4824666666666667 0.09711354309165526 0.031341666666666664
0 0.5713816689466484 0.48284999999999995 0.1005608755129959 0.034675
0 0.5695896032831738 0.512625 0.09697674418604652 0.032683333333333335
0 0.030697674418604652 0.1188 0.05886456908344733 0.02965
0 0.03300957592339261 0.1461 0.06601915184678522 0.030408333333333336
0 0.030697674418604652 0.3257 0.05886456908344733 0.03319166666666667