0 0.1564538043478261 0.12260869565217393 0.21713315217391305 0.14465579710144927
0 0.15305706521739132 0.2514130434782609 0.22392663043478261 0.1405072463768116
0 0.36294836956521737 0.3768297101449275 0.22249999999999998 0.15039855072463768
0 0.15459239130434782 0.63625 0.22358695652173913 0.15295289855072464
0 0.3643070652173913 0.7671014492753623 0.2252173913043478 0.15197463768115943
0 0.1579891304347826 0.8995471014492754 0.21679347826086956 0.15867753623188408
0 0.8418070652173913 0.18869565217391304 0.22911684782608696 0.15005434782608695
0 0.8431657608695653 0.31864130434782606 0.2454211956521739 0.1472644927536232
0 0.8465625000000001 0.44429347826086957 0.23862771739130434 0.14943840579710144
0 0.8479076086956521 0.5728804347826087 0.2549320652173913 0.15298913043478263
0 0.8523233695652174 0.7066666666666667 0.24338315217391304 0.15336956521739128
0 0.8497826086956523 0.837518115942029 0.2484782608695652 0.1523731884057971