0 0.92421875 0.5015625 0.121875 0.190625
0 0.85703125 0.46640625 0.1078125 0.1921875
0 0.7796875 0.43984375 0.1359375 0.2171875
0 0.6984375 0.4140625 0.115625 0.2015625
0 0.63046875 0.38828125 0.125 0.2078125
0 0.55625 0.36015625 0.109375 0.1984375
0 0.41953125 0.3140625 0.1265625 0.234375
0 0.69609375 0.81484375 0.16875 0.3
0 0.60625 0.79609375 0.14375 0.284375
0 0.51796875 0.7625 0.1515625 0.2984375
0 0.42578125 0.734375 0.1390625 0.28125
0 0.34453125 0.725 0.1296875 0.2640625
0 0.24609375 0.68515625 0.14375 0.2734375
0 0.35 0.28671875 0.1140625 0.190625
0 0.28046875 0.26953125 0.10625 0.2140625
0 0.20859375 0.2421875 0.10625 0.2078125
0 0.134375 0.2265625 0.1125 0.2109375
0 0.059375 0.19140625 0.1078125 0.203125
0 0.0203125 0.17578125 0.040625 0.2015625
0 0.06875 0.62109375 0.1375 0.2953125
0 0.01875 0.5890625 0.0375 0.30625
0 0.19765625 0.8890625 0.1578125 0.221875
0 0.48828125 0.94453125 0.1421875 0.1109375
0 0.5921875 0.95390625 0.1265625 0.090625