0 0.1359375 0.73828125 0.271875 0.4609375
0 0.27109375 0.63984375 0.3328125 0.459375
0 0.415625 0.56796875 0.309375 0.4359375
0 0.5328125 0.45625 0.303125 0.3875
0 0.659375 0.36953125 0.2875 0.3625
0 0.75859375 0.29609375 0.2890625 0.340625
0 0.8515625 0.2515625 0.2671875 0.3046875
0 0.91484375 0.190625 0.1703125 0.29375
0 0.7203125 0.775 0.45 0.45
0 0.8296875 0.69921875 0.340625 0.4828125
0 0.36015625 0.09140625 0.1796875 0.1828125
0 0.53828125 0.046875 0.1515625 0.09375
0 0.61953125 0.02890625 0.1453125 0.053125