0 0.965625 0.690625 0.06875 0.384375
0 0.85390625 0.64453125 0.2921875 0.4640625
0 0.7046875 0.59296875 0.35 0.45
0 0.559375 0.56875 0.3265625 0.425
0 0.42578125 0.50078125 0.315625 0.38125
0 0.29140625 0.45859375 0.2984375 0.3578125
0 0.184375 0.42109375 0.296875 0.3375
0 0.11328125 0.40546875 0.2265625 0.3015625
0 0.0546875 0.371875 0.109375 0.278125
0 0.353125 0.80234375 0.459375 0.3953125
0 0.209375 0.78203125 0.396875 0.4359375
0 0.4703125 0.1109375 0.1875 0.221875
0 0.296875 0.10390625 0.171875 0.1796875
0 0.2203125 0.10546875 0.1625 0.1515625