0 0.2015625 0.715625 0.296875 0.3515625
0 0.4203125 0.74296875 0.2828125 0.3203125
0 0.59140625 0.8015625 0.315625 0.3421875
0 0.7734375 0.83671875 0.33125 0.3265625
0 0.88984375 0.85625 0.13125 0.2265625
0 0.57578125 0.5625 0.3125 0.2328125
0 0.75078125 0.60234375 0.3 0.225
0 0.88125 0.65625 0.215625 0.1828125
0 0.9625 0.64921875 0.0625 0.146875
0 0.58046875 0.37734375 0.1734375 0.1609375
0 0.67890625 0.4234375 0.171875 0.1390625
0 0.79609375 0.45546875 0.1765625 0.1328125
0 0.9671875 0.50859375 0.065625 0.1296875
0 0.0875 0.2875 0.109375 0.0828125
0 0.12109375 0.253125 0.146875 0.0859375
0 0.14296875 0.22109375 0.1625 0.075
0 0.1765625 0.20859375 0.1625 0.0796875
0 0.2078125 0.18671875 0.1484375 0.0703125
0 0.22578125 0.16796875 0.1578125 0.065625
0 0.2359375 0.15390625 0.1859375 0.075
0 0.271875 0.14296875 0.1578125 0.065625