0 0.02626895954445479 0.42670888504650717 0.04524277671906623 0.5170421686600294 0.07202583410897591 0.5006616124766065 0.05277549065730389 0.40610115616617937
0 0.0503401264727646 0.41087725904538963 0.06825946117591468 0.5073627581344508 0.09880885957100079 0.4813027914254493 0.07537369632778662 0.39120974661817853
0 0.09848246032938417 0.6707021798872597 0.1138743513032458 0.7635508874144735 0.1406573767652707 0.7471703596341605 0.12140706524148348 0.6511207566883113
0 0.07336472092593045 0.6818774452998133 0.09085766684639739 0.780731904810327 0.11805920302267278 0.7591393780075916 0.09922737028525129 0.6638343625810083
0 0.02836210449474261 0.7079530645957715 0.04440578721844994 0.8067918715193284 0.07286279168170734 0.7874331072743904 0.052775490657303935 0.6884051826545876
0 0.1774829931972789 0.13234866828087166 0.03240816326530612 0.09297820823244551
0 0.22571428571428573 0.12966101694915252 0.026312925170068027 0.08944309927360775
0 0.24952380952380954 0.12723970944309926 0.028925170068027212 0.09578692493946732
0 0.2721768707482993 0.1295641646489104 0.027142857142857142 0.09111380145278451
0 0.2944081632653061 0.12937046004842614 0.02870748299319728 0.09447941888619855
0 0.3186938775510204 0.21428571428571427 0.027020408163265307 0.08547215496368038
0 0.34259863945578234 0.21447941888619854 0.027741496598639455 0.08958837772397095
0 0.36394557823129253 0.13048426150121065 0.02438095238095238 0.08924939467312348
0 0.36414965986394554 0.2128813559322034 0.028993197278911562 0.08828087167070219
0 0.3877006802721088 0.13031476997578692 0.027931972789115647 0.09261501210653753
0 0.4114557823129252 0.12891041162227604 0.02730612244897959 0.09539951573849878
0 0.43410884353741497 0.12891041162227604 0.025510204081632654 0.09539951573849878
0 0.4336326530612245 0.21278450363196125 0.025619047619047618 0.08995157384987894
0 0.45795918367346944 0.12871670702179175 0.02634013605442177 0.08832929782082324
0 0.4577551020408163 0.21353510895883776 0.026761904761904765 0.09145278450363196
0 0.5328843537414967 0.13087167070217917 0.03050340136054422 0.09000000000000001
0 0.5567482993197279 0.21130750605326876 0.02798639455782313 0.08697336561743342
0 0.5794965986394558 0.21092009685230023 0.028503401360544217 0.0862227602905569
0 0.5783537414965986 0.12871670702179175 0.028285714285714286 0.09130750605326876
0 0.6036190476190476 0.1306779661016949 0.02964625850340136 0.09336561743341405
0 0.602843537414966 0.20980629539951576 0.027020408163265307 0.09145278450363196
0 0.22525170068027212 0.3904842615012107 0.026421768707482994 0.095181598062954
0 0.24779591836734693 0.38750605326876514 0.03070748299319728 0.08922518159806296
0 0.2958231292517007 0.3905811138014528 0.02838095238095238 0.0934866828087167
0 0.2708163265306123 0.47288135593220343 0.026517006802721087 0.08675544794188862
0 0.31816326530612243 0.39019370460048425 0.023877551020408165 0.09276029055690073
0 0.31634013605442174 0.4734382566585956 0.02753741496598639 0.0990314769975787
0 0.34077551020408164 0.47278450363196123 0.02722448979591837 0.08842615012106539
0 0.36442176870748305 0.3914043583535109 0.028462585034013606 0.09331719128329298
0 0.3877551020408163 0.38973365617433414 0.026993197278911564 0.09368038740920097
0 0.41097959183673466 0.47723970944309924 0.027401360544217688 0.08990314769975788
0 0.4339455782312925 0.47353510895883777 0.028340136054421768 0.08990314769975788
0 0.45582312925170065 0.3913075060532688 0.02812244897959184 0.09498789346246973
0 0.29508843537414964 0.6516707021791768 0.029020408163265305 0.09418886198547215
0 0.3405578231292517 0.6515980629539951 0.02680272108843537 0.09588377723970945
0 0.38676190476190475 0.652227602905569 0.02814965986394558 0.09159806295399515
0 0.4343673469387755 0.6525181598062955 0.029170068027210887 0.09401937046004842
0 0.4565578231292517 0.6505569007263923 0.027496598639455784 0.09196125907990314
0 0.5322040816326531 0.38794188861985474 0.03019047619047619 0.08823244552058111
0 0.5577414965986395 0.3886924939467312 0.026829931972789114 0.0897094430992736
0 0.5806530612244898 0.3898062953995158 0.02870748299319728 0.08450363196125908
0 0.6040408163265306 0.4753510895883777 0.026299319727891155 0.08612590799031478
0 0.6046666666666667 0.6490556900726392 0.027551020408163266 0.08893462469733655
0 0.5817551020408163 0.9188377723970945 0.025673469387755103 0.09024213075060533
0 0.6273877551020408 0.653365617433414 0.026938775510204082 0.09569007263922519
0 0.6521904761904762 0.91818401937046 0.028394557823129253 0.09639225181598063
0 0.6245034013605442 0.38905569007263924 0.028503401360544217 0.09232445520581115
0 0.6489387755102041 0.4693946731234867 0.02817687074829932 0.09096852300242131
0 0.6237823129251701 0.1288135593220339 0.029129251700680273 0.09150121065375302
0 0.648312925170068 0.12806295399515738 0.02692517006802721 0.09000000000000001
0 0.6716462585034014 0.12743341404358355 0.02545578231292517 0.08685230024213074
0 0.6936190476190476 0.13217917675544796 0.02753741496598639 0.09075060532687651
0 0.6946666666666667 0.21121065375302664 0.025442176870748297 0.09050847457627119
0 0.7173197278911565 0.1294673123486683 0.02785034013605442 0.09467312348668282
0 0.7398231292517007 0.12750605326876513 0.028884353741496598 0.09261501210653753
0 0.7623673469387755 0.12983050847457628 0.028979591836734694 0.09539951573849878
0 0.7864897959183674 0.12854721549636805 0.030122448979591838 0.08907990314769976
0 0.786326530612245 0.20924939467312348 0.028761904761904763 0.08847457627118643
0 0.8318503401360544 0.12920096852300242 0.029795918367346935 0.09225181598062954
0 0.861469387755102 0.12694915254237288 0.03669387755102041 0.09523002421307505
0 0.8325306122448979 0.20907990314769975 0.030108843537414963 0.09181598062953995
0 0.6720680272108844 0.38905569007263924 0.030476190476190473 0.09232445520581115
0 0.7880544217687075 0.3876513317191283 0.026979591836734693 0.09513317191283292
0 0.8120680272108843 0.3858111380145279 0.02582312925170068 0.09140435835351089
0 0.8356190476190476 0.4727602905569007 0.028952380952380955 0.09767554479418887
0 0.6749387755102041 0.6504600484261501 0.028897959183673466 0.09549636803874091
0 0.7211428571428571 0.6517675544794189 0.030244897959183673 0.09438256658595641
0 0.7447891156462585 0.6521549636803874 0.02730612244897959 0.09513317191283292
0 0.7911428571428571 0.6506537530266344 0.03001360544217687 0.09961259079903148
0 0.8383945578231293 0.6514043583535108 0.03345578231292517 0.09363196125907991
0 0.9480816326530612 0.3845520581113801 0.030965986394557825 0.09823244552058111
0 0.9906394557823129 0.3862469733656175 0.018734693877551018 0.09041162227602906
0 0.9770204081632653 0.4742130750605327 0.033360544217687076 0.10060532687651332
0 0.9672244897959184 0.12861985472154963 0.029496598639455782 0.09484261501210654
0 0.9895918367346939 0.12723970944309926 0.020829931972789116 0.09019370460048426
0 0.9439455782312924 0.12825665859564164 0.02583673469387755 0.08665859564164649
0 0.944938775510204 0.2097094430992736 0.028870748299319727 0.09498789346246973