0 0.648804347826087 0.9041983695652174 0.0816983695652174 0.14536684782608694
0 0.1143070652173913 0.3220108695652174 0.07991847826086956 0.14203804347826088
0 0.1819836956521739 0.3184239130434783 0.07692934782608696 0.14722826086956523
0 0.24324728260869566 0.31755434782608694 0.08085597826086956 0.15290760869565218
0 0.3163586956521739 0.3155842391304348 0.07885869565217392 0.14895380434782607
0 0.38229619565217393 0.32052989130434784 0.08722826086956523 0.14895380434782607
0 0.4467663043478261 0.32175271739130434 0.08275815217391304 0.14648097826086956
0 0.5146875 0.32101902173913044 0.07532608695652174 0.14994565217391304
0 0.5779211956521739 0.32385869565217396 0.07332880434782608 0.14820652173913043
0 0.6443614130434783 0.3264538043478261 0.0728125 0.15092391304347827
0 0.7115489130434783 0.3233695652173913 0.07872282608695652 0.14722826086956523
0 0.7773641304347826 0.32052989130434784 0.07944293478260869 0.14895380434782607
0 0.842445652173913 0.32150815217391304 0.08361413043478261 0.15092391304347827
0 0.11282608695652174 0.4583288043478261 0.0769429347826087 0.1478804347826087
0 0.17964673913043477 0.45944293478260867 0.07964673913043478 0.14763586956521738
0 0.24533967391304348 0.4577173913043478 0.08258152173913044 0.14911684782608695
0 0.3163586956521739 0.45672554347826083 0.07885869565217392 0.15702445652173913
0 0.38131793478260867 0.4620380434782609 0.0753804347826087 0.15035326086956521
0 0.4486141304347826 0.4602989130434782 0.0790625 0.15183423913043478
0 0.5132065217391305 0.460054347826087 0.08224184782608696 0.1483695652173913
0 0.5772961956521739 0.4622826086956522 0.07456521739130435 0.14591032608695653
0 0.6422554347826087 0.4637635869565217 0.08096467391304349 0.14887228260869564
0 0.7075951086956521 0.4633967391304348 0.0806929347826087 0.14565217391304347
0 0.777866847826087 0.4617798913043478 0.08042119565217391 0.14491847826086957
0 0.8518342391304349 0.7656657608695652 0.08262228260869565 0.14989130434782608
0 0.8508423913043479 0.9127173913043478 0.09052989130434783 0.15993206521739128
0 0.711046195652174 0.7639266304347826 0.07773097826086957 0.15137228260869565
0 0.6443614130434783 0.7631929347826087 0.0728125 0.15483695652173912
0 0.5752038043478261 0.7603532608695652 0.07283967391304348 0.1565625
0 0.5819972826086957 0.9037092391304348 0.07900815217391303 0.15425271739130436
0 0.4480027173913044 0.762445652173913 0.08028532608695653 0.14841032608695653
0 0.44417119565217394 0.903953804347826 0.08004076086956521 0.1596875
0 0.5134510869565218 0.9061820652173914 0.07779891304347826 0.1591983695652174
0 0.38008152173913046 0.9060597826086957 0.07783967391304347 0.15153532608695652
0 0.37921195652173917 0.7633152173913043 0.07364130434782609 0.14273097826086956
0 0.24572010869565217 0.7622010869565218 0.07591032608695651 0.15286684782608698
0 0.17902173913043476 0.7602309782608695 0.08088315217391305 0.15879076086956523
0 0.1098641304347826 0.7635597826086957 0.07101902173913044 0.15804347826086956
0 0.17952445652173912 0.9029619565217392 0.08186141304347826 0.15771739130434784
0 0.2452173913043478 0.903953804347826 0.08480978260869565 0.14980978260869565
0 0.11679347826086955 0.04706521739130435 0.07322010869565218 0.09411684782608695
0 0.18361413043478259 0.043355978260869565 0.09028532608695652 0.08671195652173913
0 0.7116847826086956 0.04952445652173913 0.08157608695652174 0.0990625
0 0.6446195652173913 0.04459239130434783 0.07982336956521739 0.08918478260869565
0 0.9121195652173913 0.050149456521739126 0.08733695652173913 0.10029891304347825
0 0.8439402173913043 0.04706521739130435 0.08137228260869565 0.09411684782608695