0 0.6666189800410848 0.08936627364440322 0.6002172901604022 0.010615446136687998 0.6139425591312385 0 0.6339585636545418 0 0.6676998371486814 0.02693214027721008
0 0.6265732134506959 0.02921589770455362 0.6025048204450657 0.06815334680190613 0.5544664226785658 0.016626830456116865 0.5619009342812216 0.0011688821043154066 0.5830607148547136 0 0.5967859620098362 0 0.620805171800943 0.03294357373615416
0 0.617276874777927 0.02706766999241613 0.6688435913831565 0.08361132791338438 0.6659841621655417 0.1480194733456211 0.5962141285240261 0.06128315117440294
0 0.5586384308420003 0.013104189863522478 0.632242888671402 0.08876396644409262 0.6047924161768703 0.1239737395098446 0.5567539529632295 0.06815334680190614
0 0.6008295063568744 0.10225563991722815 0.6665560392827792 0.2132864464657704 0.6676998371486814 0.12912641080022955 0.6230927239013202 0.08103497588835344
0 0.560068636791657 0.06036519953054716 0.6305272573196895 0.15059579261097517 0.6042204954282056 0.181511689314578 0.5550382997958034 0.11967986314769546
0 0.5958237855330758 0.17314715441776518 0.6676998371486814 0.273400715535858 0.6682717142659189 0.1883818849420812 0.6242364781357953 0.14029048278988193
0 0.5579233278671719 0.1129967784779156 0.632242888671402 0.20991574330597335 0.6036485964952544 0.2425492298660481 0.5550382997958033 0.17814108443381138
0 0.596538888507904 0.2290010749333399 0.6648404079310667 0.3164039557104957 0.6682717142659189 0.23825535350389895 0.6253802760016975 0.20046922841311604
0 0.5572082248923435 0.1645542435692153 0.6276678281020748 0.25800717821784946 0.6030767193780169 0.2906406975376009 0.5556101987287545 0.23482023931030888
0 0.5993993004072177 0.282706767736777 0.663124732947927 0.3722243484184341 0.6676998371486815 0.30008714691110466 0.6168019883488531 0.24598431129996123
0 0.5572082248923435 0.22255639179692743 0.6293834594537873 0.3164683667442887 0.6030767193780169 0.3448079441825373 0.5538945237456148 0.29328142783674804
0 0.596538888507904 0.33641246054021423 0.661980978713452 0.4315442663537554 0.6665560392827792 0.35167813981004065 0.6213770489181805 0.3113157282135804
0 0.5543478129930299 0.2719656291760897 0.6265240302361725 0.3714299972836679 0.6013610662105908 0.40835732744621495 0.5556101987287545 0.35081937764148147
0 0.5979690944575609 0.3976369503361326 0.6665560392827793 0.4907997404956071 0.6654122850483042 0.41007488454300994 0.6219489696668452 0.36455976889648795
0 0.5572082248923435 0.3310418912598705 0.62480839888446 0.4263915950633705 0.599645391227451 0.46331892522591733 0.556182075845992 0.4040634510840658
0 0.5993993004072177 0.45026852928350103 0.6671279164000167 0.5466201332035454 0.6688435913831565 0.4719066779502156 0.6225208467840827 0.41952146495522097
0 0.5550629159678584 0.38904403948758265 0.6265240302361725 0.48221198777130886 0.6036485964952544 0.5165629986685017 0.556182075845992 0.4633189252259174
0 0.5522025040685449 0.43952739072281355 0.6265240302361725 0.539749970335719 0.6042204954282056 0.5758185055700302 0.5578977290134182 0.5217156371992099
0 0.5557780189426867 0.5018259943748007 0.6282397052193123 0.598275602655628 0.6047924161768702 0.6317678513842617 0.5527507695111398 0.5742299015795284
0 0.5550629159678584 0.5641245980267877 0.6248083988844599 0.6540959953635664 0.599645391227451 0.6927408826229083 0.5516069934609511 0.6291915321189075
0 0.7073798496063022 0.8090225572104613 0.7054442940949109 0.8938232625816505 0.7792175766356573 0.7916289920586311 0.7534827136771243 0.7529841047992892
0 0.7016590258076753 0.5319011823447254 0.7060161712121484 0.6059401166582206 0.7763581474180425 0.5080397224973501 0.7483357323591323 0.4711123923348031
0 0.7038043347321603 0.46852846483666966 0.7071599254466234 0.5466846097566921 0.7757862266693777 0.4453491341619084 0.7540545907943619 0.4144332374583055 0.6991535585424437 0.4745475065283931
0 0.7502860280960049 0.41374865817716366 0.772926797451763 0.45908952541691495 0.8175339106991241 0.3912462985507651 0.8181057878163616 0.31910916256278926
0 0.7459954102470345 0.3632653069419328 0.7740705953176653 0.40326913270897646 0.8198214627995016 0.32512059602173343 0.8175339106991243 0.2564185742273477
0 0.7016590258076753 0.41374865817716366 0.7060161712121484 0.4968756505076978 0.77693002453528 0.3912462985507651 0.751195161576747 0.3577540498221313
0 0.7038043347321603 0.3600429653737266 0.7071599254466234 0.43933770070296435 0.7746424724349028 0.33284960295731103 0.7506232844595097 0.3002161163972362
0 0.7438501013225494 0.2988184755778083 0.7677798597651982 0.34487242073568397 0.8238246462515911 0.27702921024937255 0.8175339106991241 0.20317450078476337
0 0.748855822146348 0.2504833520547148 0.7723549203345255 0.2881287893060398 0.8192495856822639 0.2177092104148591 0.8163901564646491 0.14557209080672173
0 0.703089231757332 0.29774436172173946 0.7043004962290086 0.3800177500079661 0.7769300245352799 0.2778234794849466 0.7500513637108448 0.24776634494990282
0 0.7038043347321603 0.24940923819864602 0.7020129877600586 0.3241973573000277 0.7769300245352799 0.22543821735043665 0.7529107929284595 0.18765207587981533
0 0.740989689423236 0.19248120382700262 0.7712111661000505 0.2339614771417498 0.821537094151214 0.160965578985215 0.8186776649335993 0.08968722154563673
0 0.7483357323591323 0.14636639280197267 0.7734987182004278 0.17728228950557554 0.8186776649335993 0.0999925149868915 0.8175339106991241 0.03558436955465492
0 0.703089231757332 0.18818474840272764 0.7083037233125257 0.26917125020750177 0.7769300245352799 0.16268310332233318 0.7500513637108448 0.1360610829808794
0 0.7016590258076753 0.13447905559929046 0.7065880483293859 0.21163330040276837 0.77693002453528 0.11115660335638226 0.7506232844595097 0.07508806812207122 0.7008691898941564 0.14207251643982352
0 0.7038043347321603 0.07862513508371582 0.7094474775470007 0.15667170262306587 0.7780737787697549 0.051042334286294753 0.7494794865936073 0.021843978299648514
0 0.8511155475468056 0.04532760554558479 0.9044605414620422 0.11373295538141315 0.9261922209684852 0.06392396337274207 0.8632847781809604 0
0 0.8535627362936411 0.03730192665144991 0.9296235273033374 0.1283320924251403 0.9027449101103298 0.1652594553473641 0.8558502447625912 0.1094390790192641
0 0.857551474320261 0.09366272906867823 0.9256203438512477 0.1832937229645196 0.903316787227567 0.2185034960302716 0.8552783676453537 0.16268310332233316
0 0.8535627362936411 0.14636639280197264 0.9244765459853453 0.2348202393103089 0.8998854808927149 0.276041445835005 0.8558502447625911 0.2227973723924207
0 0.4519021614738133 0.050204082411162705 0.4734657382840943 0.08295010971163139 0.5185589536258215 0.01605152532585618 0.5071497978876538 0 0.4886779183017472 0
0 0.40706520495207416 0.045102041594836176 0.4077275517608139 0.11966276816885278 0.4761821960408283 0.022578211171984233 0.4555371005097073 0
0 0.4050271614738133 0.09816326608463209 0.40609757762711923 0.18003465114765346 0.4767255207520598 0.0780551031074586 0.45662374993217036 0.04297412389219249
0 0.4573369440825089 0.10224489873769332 0.4740090629953258 0.14576954267505796 0.5267083268960235 0.06010672481102971 0.519102278337053 0.01115653428252987
0 0.40842390060424805 0.15530612322748924 0.4099006433564604 0.2322482001600638 0.47726876256357953 0.13679532240515052 0.4604267742116556 0.09518765734375635
0 0.4519021614738133 0.15836734771728517 0.4718358470501115 0.202062243109817 0.526165002184792 0.11966276816885278 0.520732086671324 0.0535800078432087
0 0.40706520495207416 0.21040816404381577 0.4093573600950848 0.2934971910461779 0.4767255207520598 0.19070181894585192 0.4533639674642048 0.15154164162569764
0 0.4437499875607698 0.2155102048601423 0.4702060387158405 0.25025786230367497 0.5174723871030702 0.184990926038162 0.5185589536258215 0.11482899872932277
0 0.4471467266912046 0.26959183751320354 0.46803282277062624 0.30247138019439235 0.5239918691392895 0.23475695618763948 0.5196455201485727 0.17601673688994757
0 0.44918477016946545 0.2655102048601423 0.4761821960408283 0.29512887028813317 0.405011011104368 0.40200344049334724 0.40609757762711923 0.3261306513985111
0 0.4063858571259872 0.38591836812544844 0.40881403538385325 0.4558486687477129 0.4761821960408283 0.3579482876907132 0.45064750970747086 0.3204197896125142
0 0.4485054223433785 0.32061224567646884 0.4740090629953258 0.3661066527787965 0.5223619779053067 0.2959446943482643 0.5185589536258215 0.22578276703942504
0 0.4464673788651176 0.3869387762887137 0.4718358470501115 0.4249081092411312 0.520732086671324 0.3522986786302056 0.51801562891459 0.27968921689758697
0 0.44578803103903064 0.44408163343157087 0.4750956295180771 0.4787533374954968 0.5250784356620407 0.41103891348874394 0.5169290623918387 0.3335344451519526
0 0.40366846582163934 0.4971428579213668 0.40718418559972636 0.5831804355203175 0.4750956295180771 0.47141079646754463 0.4528206427529733 0.4371456568732562
0 0.44901761847348803 0.5015968157611774 0.47129260523859173 0.529335207265952 0.520732086671324 0.4616207521375061 0.5163858205803189 0.3955380073727085
0 0.44918477016946545 0.49408163343157085 0.4767255207520598 0.5244401695400862 0.40718418559972636 0.6264197331411275 0.40283783660900957 0.5538103025302019
0 0.4468444854279855 0.5481606934696942 0.47237917176134303 0.5873209019115415 0.5223619779053067 0.5187905604795785 0.5169290623918387 0.45026031241269454
0 0.40298911799555237 0.6104081640438158 0.405011011104368 0.6811420693028065 0.4761821960408283 0.5816099778821585 0.4511908344187024 0.5432656557438285
0 0.4478260745172915 0.6083673477172852 0.47237917176134303 0.6476927537686491 0.520732086671324 0.5750833542794165 0.5169290623918387 0.5049213647271913
0 0.4484743766619683 0.6069009283282326 0.47455230480684557 0.6379027094386106 0.3990348123295243 0.7521198206717769 0.4022945533476339 0.6664569872469023
0 0.4043478136477263 0.7206122456764689 0.40555429436574364 0.7994996158055038 0.4756389542293086 0.6942566625988589 0.45173407623022205 0.6559123715822217
0 0.4471467266912046 0.6665306130234077 0.46694625624787495 0.7162842545610223 0.5196455201485727 0.6338847796200582 0.5163858205803189 0.5588278145853532
0 0.4464673788651176 0.7216326538397342 0.47129260523859173 0.7587078214867802 0.520732086671324 0.6836507942086891 0.5152991711578558 0.61348886689985
0 0.44575791890523425 0.7799195271454267 0.47292249647257456 0.8158163459816703 0.5229053026165382 0.7285218021931474 0.513669362823585 0.6746766050604748 0.45064750970747086 0.7807353512055577 0.4522774009414536 0.7839987096894683
0 0.44442933538685675 0.9553061232274892 0.4718358470501115 0.9888961664026605 0.5229053026165382 0.9162867046700419 0.5152991711578558 0.8444930981192474
0 0.32418477016946545 0.9573469395540198 0.29743926735775816 1 0.2496296357091529 0.941577655116116 0.2534326599886381 0.8640731867793245
0 0.2952661343122557 0.8763107344114496 0.36317757823060637 0.9709478192279247 0.3680671690328428 0.8958907919498338 0.3202575373842375 0.8371505570912953
0 0.09796194408250891 0.9797959191458566 0.11000368214311038 1 0.13336523543096535 1 0.16976575279125897 0.9464727239636748 0.14368778319652584 0.9122075221260003
0 0.10271737886511761 0.8593877558805505 0.1040274833682667 0.9341738924843676 0.17411210178197575 0.8362735425490608 0.15075054849412076 0.7954817171086443
0 0.10271737886511761 0.801224490574428 0.10620065786362509 0.8754336265041361 0.17628527627733415 0.7734540629030948 0.15183715646672793 0.7383730992486752 0.10348420010689108 0.8101667057994697
0 0 0.7848757864750886 0.06817024926934871 0.8852237019558677 0.06980016122825945 0.793034151563172 0.01710083515277785 0.748978967638845
0 0 0.727755102819326 0.0621940297695771 0.8207725741896394 0.06817024926934871 0.7391889233088065 0.02199046740487028 0.6894229087201754
0 0.10407607451729152 0.7410204089417749 0.10239763358413982 0.8232201086134188 0.175198668304727 0.7212405450123774 0.15401033096208633 0.6820803676922232
0 0.0001358571259871773 0.6675510211866729 0.06110746324682584 0.7554444007594836 0.06762694528304515 0.682019114966734 0.023077054652549476 0.633068924438234 0.003518546369107722 0.6730449880619055
0 0.29743926735775816 0.6493856546144007 0.36317757823060626 0.7440227083091829 0.3669806025100916 0.6616232022465256 0.32025753738423757 0.6167521942620675
0 0.32486411799555237 0.6675510211866729 0.301785616348475 0.7171001097428464 0.25506255122262095 0.651017333856356 0.2588655755021062 0.5816712306076478
0 0.3275815092999002 0.6124489803703463 0.3001557251144922 0.656728195642353 0.25560583448399654 0.595540457481728 0.2577790089793549 0.52619435423302 0.32895019391581526 0.6143046909599811
0 0.29904890060424805 0.5920408171050403 0.3680671690328428 0.6909933352366414 0.3675238857714673 0.6085938291739842 0.3218873871683644 0.5571961353433978
0 0.3262228136477263 0.5563265313907545 0.30287218287122625 0.5979879607838146 0.25288937672726247 0.5376160778050139 0.25832229224073056 0.47234917266119386 0.32569045289770565 0.5645386763713501
0 0.29904890060424805 0.5318367354723872 0.3669806025100915 0.6379639621640999 0.3702403435282013 0.5490377702553146 0.32351727840234723 0.49927174010583714
0 0.3296195527781611 0.5042857150642239 0.3039587908438334 0.5433269084693177 0.2523460934658869 0.4796916670066065 0.2572357257179793 0.411161434500569
0 0.3017662919085959 0.4787755109825913 0.366437319248716 0.5661703556133054 0.36535071127610885 0.49356089388068675 0.3224307118795959 0.44297902411023166
0 0.2970108571259872 0.4195918375132035 0.36861049374407434 0.5187905604795785 0.36861049374407434 0.4347594062966591 0.3246038449250985 0.38662508651082983
0 0.3296195527781611 0.38591836812544844 0.2996124418531166 0.4339435822365279 0.2572357257179793 0.36867664597101496 0.2615820332588402 0.30667308375025903
0 0.3010869440825089 0.3655102048601423 0.3675238857714673 0.4616820048629954 0.36915377700545 0.3800983695430088 0.32677701942045684 0.331148179014509
0 0.3330162919085959 0.3359183681254484 0.30558864062796026 0.3718787361685897 0.2572357257179793 0.31232267724992013 0.2588655755021062 0.24052907069912569
0 0.3017662919085959 0.30836734771728513 0.3702403435282013 0.40206469321883653 0.3702403435282013 0.32782358336595563 0.32351727840234723 0.27153085180950365 0.301785616348475 0.3155860357338307
0 0.33505433538685675 0.27571428649279534 0.3023288996098506 0.32694647545864225 0.2523460934658869 0.25433704484771663 0.260495466736089 0.18091174349412034
0 0.29769020495207416 0.2532653069009586 0.37187023476218395 0.3513603179974029 0.3724135180235596 0.2714083463585251 0.3240605616637228 0.21837897328598363
0 0.2518028102045113 0.19308805396160256 0.31210816411403547 0.2722242015403492 0.3246038449250985 0.2314323760999327 0.26266864123144734 0.12945281249889135
0 0.2548912919085959 0.14612244975810149 0.31210816411403547 0.21103646337972443 0.3294934771771909 0.17024463793930789 0.260495466736089 0.07071256207950645
0 0.30015572511449223 0.19961473980773056 0.36969706026682564 0.2877250765346917 0.3707836267895768 0.2126681114999867 0.32895019391581526 0.1620862728512246
0 0.3010869440825089 0.13693877628871373 0.3702403435282013 0.23551155864397433 0.3702403435282013 0.15882291436731405 0.32895019391581526 0.10987272383881422
0 0.3330162919085959 0.10428571506422393 0.3066752486005674 0.1474011907953202 0.25832229224073056 0.09600349696473398 0.2594088587634818 0.02094654749087546
0 0.30040759625642194 0.08693877628871373 0.36861049374407434 0.18486843614802992 0.36915377700545 0.09349474093715834 0.32895019391581526 0.05433459473869703
0 0.33505433538685675 0.05122449057442802 0.30830509838469433 0.10165310602524164 0.25397594325001377 0.02904364429262299 0.27788077979924436 0 0.3322099349339249 0.061677104644956196
0 0.3017662919085959 0.03387755179891781 0.3713269515008083 0.13183906307548843 0.37295680128493525 0.04536037446878963 0.3294934771771909 0
0 0.16249998756076978 0.006326531390754544 0.18497793280891184 0.0396495438044857 0.11109029011571753 0.14489243476774455 0.11000368214311038 0.07228300415681889 0.1621597042322884 0.0037527249682419205
0 0.1557065092999002 0.06755102118667292 0.17954501729544378 0.10899564705319378 0.22681136568267352 0.03801786456253046 0.20888276935814246 0
0 0.1605298129983056 0.05759792210091458 0.18715110730427026 0.10165310602524162 0.11272013989984439 0.19792180784028604 0.10946039888173476 0.12368069798740516
0 0.1529891179955524 0.12265306200299944 0.18280475831355344 0.16447252342782165 0.2251815158985466 0.09267891687702721 0.22572479915992225 0.024964461748581357
0 0.15978259625642197 0.11142857220708108 0.18389136628616062 0.15712998239986953 0.1083738323589835 0.2574778667589556 0.11000368214311038 0.17671007105994663 0.15727007198019596 0.11878566026153932
0 0.15366846582163934 0.18183673547238718 0.18008830055681943 0.21756314922585251 0.224638232637171 0.15148037333936187 0.221921774880437 0.07887092716758974
0 0.15706520495207413 0.17367347016626475 0.1833480415749291 0.21022060819790028 0.10946039888173474 0.3105684925569864 0.11000368214311038 0.2355115586439743
0 0.15095107451729153 0.23897959261524435 0.17574199301595853 0.2722242015403492 0.22572479915992225 0.20695728083568274 0.2224650581418126 0.13761117758697464
0 0.15638585712598718 0.22775510281932598 0.18443464954753622 0.2656974845725282 0.11272013989984439 0.3619662175092656 0.10783054909760788 0.29180425907873336
0 0.14959237886511761 0.29204081710504026 0.17628527627733415 0.32694647545864225 0.23061443141201468 0.2584162273917583 0.22137845016920543 0.18580676565913964
0 0.1577445527781611 0.2859183681254484 0.18171819179080217 0.31634060706847256 0.10946039888173474 0.4183201706695139 0.10783054909760788 0.34815824336067464
0 0.15075054849412076 0.33999987827259137 0.17845845077269257 0.3832392692584803 0.224638232637171 0.31307727970625504 0.22137845016920543 0.2453628245778092
0 0.16182063973468283 0.33795918445197903 0.17954501729544378 0.3783442004109215 0.11272013989984439 0.47950790883013866 0.1089171156203591 0.40200344049334724
0 0.1482336832129437 0.6828571436356525 0.17302553525922448 0.726890122951192 0.21920531712370295 0.6542806923402664 0.21920531712370295 0.5865662683335136
0 0.1061141179955524 0.6287755109825913 0.1089171156203591 0.6893004343908898 0.1773718428000854 0.6044533939044532 0.15238043972810356 0.5636615684640368
0 0.10679346582163936 0.6757142864927954 0.1089171156203591 0.7610940098199913 0.17628527627733417 0.6623778047028606 0.15238043972810356 0.6224018033225752
0 0.14959237886511761 0.6267346946560607 0.175198668304727 0.6648253702483329 0.221921774880437 0.5897683429702419 0.21866199241247142 0.5204222397215338
0 0.15230977016946542 0.5185714293499382 0.17574199301595853 0.5432656557438285 0.10620065786362509 0.6501402570707355 0.10783054909760788 0.5767149712779858
0 0.15095107451729153 0.5124489803703464 0.17628527627733415 0.5546873793158223 0.22626808242129787 0.4820779175832036 0.21866199241247142 0.40865263179045386
0 0.004211944082508917 0.5563265313907545 0.07088670702608275 0.653403584432953 0.07197329427376195 0.5661091028878161 0.028509970166017532 0.5228697430236201
0 0.10407607451729152 0.5165306130234076 0.11163357337709313 0.5897070902447525 0.17845845077269257 0.4885433818255354 0.15346700625085477 0.4542782422312469
0 0.1482336832129437 0.4634693885336117 0.1746553850433514 0.5015968157611774 0.2208351669078298 0.4322506502690834 0.21974860038507857 0.36208872296024414
0 0.1529891179955524 0.40836734771728517 0.18008830055681943 0.4436723738410772 0.22355162466456385 0.37351041541054497 0.21974860038507857 0.30008512961779515
0 0.15502716147381326 0.3991836742478974 0.17954501729544378 0.43469815357116975 0.10946039888173473 0.5399410756561217 0.10728722438637636 0.46080492807737494
0 0.002173900604248047 0.4991836742478974 0.06925683651702794 0.5954179831524425 0.07197329427376195 0.5138343633933025 0.027966666179713957 0.46569993468154774
0 0.0014945527781610904 0.44408163343157087 0.07034340303977916 0.5391252204742976 0.07197329427376195 0.4575415695934644 0.02688007893203475 0.4085913790649646
0 0.00353259625642196 0.38591836812544844 0.07360316478281678 0.48609584740175604 0.07197329427376195 0.4061438757628782 0.029053253427393153 0.354746181932292
0 0.00353259625642196 0.3287755109825913 0.07360316478281678 0.4281102772429385 0.07251661898499348 0.3497899226026299 0.0257935124092835 0.2918655118042226 0.0018886758600528903 0.33592069572854966
0 0.007608683212943699 0.2746938783295301 0.07088670702608275 0.36686125523513136 0.07360316478281678 0.2901725798367781 0.029596536688768774 0.23959074118801602
0 0.007608683212943699 0.17163265383973414 0.07197329427376195 0.2534599369404032 0.07523307674172751 0.18329800963156398 0.031226427922751557 0.13190031580097775
0 0.006929335386856743 0.11040816404381577 0.07197329427376195 0.202062243109817 0.07577631855324722 0.12455777477302557 0.029596536688768774 0.0747917446235481
0 0.008288031039030655 0.06040816404381577 0.07577631855324722 0.15066454927923073 0.07523307674172751 0.07152840170048404 0.02688007893203475 0.017683204567811438